0 10.2314
0.001 92.0946
0.002 368.477
0.003 1024
0.004 2305.51
0.005 4522.9
0.006 8050.38
0.007 13328.2
0.008 20865.1
0.009 31241.3
0.01 45112.3
0.011 63213.9
0.012 86367.8
0.013 115489
0.014 151592
0.015 195806
0.016 249377
0.017 313691
0.018 390281
0.019 480849
0.02 587283
0.021 711681
0.022 856376
0.023 1.02397e+06
0.024 1.21734e+06
0.025 1.43973e+06
0.026 1.69473e+06
0.027 1.98636e+06
0.028 2.31913e+06
0.029 2.69806e+06
0.03 3.12879e+06
0.031 3.61763e+06
0.032 4.17166e+06
0.033 4.7988e+06
0.034 5.50796e+06
0.035 6.30913e+06
0.036 7.21352e+06
0.037 8.23373e+06
0.038 9.3839e+06
0.039 1.06799e+07
0.04 1.21397e+07
0.041 1.37833e+07
0.042 1.56332e+07
0.043 1.77149e+07
0.044 2.00569e+07
0.045 2.26913e+07
0.046 2.56542e+07
0.047 2.89862e+07
0.048 3.27327e+07
0.049 3.69446e+07
0.05 4.16792e+07
0.051 4.7001e+07
0.052 5.29826e+07
0.053 5.97055e+07
0.054 6.72614e+07
0.055 7.57533e+07
0.056 8.52972e+07
0.057 9.60233e+07
0.058 1.08076e+08
0.059 1.21618e+08
0.06 1.36831e+08
0.061 1.53921e+08
0.062 1.73118e+08
0.063 1.94681e+08
0.064 2.18896e+08
0.065 2.46081e+08
0.066 2.76595e+08
0.067 3.1084e+08
0.068 3.49265e+08
0.069 3.92359e+08
0.07 4.40672e+08
0.071 4.94821e+08
0.072 5.55478e+08
0.073 6.23385e+08
0.074 6.9937e+08
0.075 7.84333e+08
0.076 8.79253e+08
0.077 9.85221e+08
0.078 1.10338e+09
0.079 1.23502e+09
0.08 1.38146e+09
0.081 1.54415e+09
0.082 1.7246e+09
0.083 1.92439e+09
0.084 2.14513e+09
0.085 2.38849e+09
0.086 2.65609e+09
0.087 2.94949e+09
0.088 3.27013e+09
0.089 3.61929e+09
0.09 3.99797e+09
0.091 4.40679e+09
0.092 4.84586e+09
0.093 5.31472e+09
0.094 5.81215e+09
0.095 6.33604e+09
0.096 6.88325e+09
0.097 7.4495e+09
0.098 8.02932e+09
0.099 8.61593e+09
0.1 9.2012e+09
0.101 9.77583e+09
0.102 1.03295e+10
0.103 1.08511e+10
0.104 1.13291e+10
0.105 1.17521e+10
0.106 1.21092e+10
0.107 1.23909e+10
0.108 1.25895e+10
0.109 1.27001e+10
0.11 1.27205e+10
0.111 1.26525e+10
0.112 1.25012e+10
0.113 1.22761e+10
0.114 1.199e+10
0.115 1.16594e+10
0.116 1.13038e+10
0.117 1.09445e+10
0.118 1.06043e+10
0.119 1.0306e+10
0.12 1.00715e+10
0.121 9.92065e+09
0.122 9.87015e+09
0.123 9.93246e+09
0.124 1.01147e+10
0.125 1.04182e+10
0.126 1.08375e+10
0.127 1.13602e+10
0.128 1.19666e+10
0.129 1.26306e+10
0.13 1.33213e+10
0.131 1.40041e+10
0.132 1.46448e+10
0.133 1.52123e+10
0.134 1.56811e+10
0.135 1.60341e+10
0.136 1.62636e+10
0.137 1.63704e+10
0.138 1.63635e+10
0.139 1.62575e+10
0.14 1.60712e+10
0.141 1.58257e+10
0.142 1.55431e+10
0.143 1.52475e+10
0.144 1.49655e+10
0.145 1.47275e+10
0.146 1.45672e+10
0.147 1.45184e+10
0.148 1.46098e+10
0.149 1.4859e+10
0.15 1.52679e+10
0.151 1.58195e+10
0.152 1.64787e+10
0.153 1.71956e+10
0.154 1.79116e+10
0.155 1.85645e+10
0.156 1.9097e+10
0.157 1.94607e+10
0.158 1.96219e+10
0.159 1.95644e+10
0.16 1.92927e+10
0.161 1.8835e+10
0.162 1.82441e+10
0.163 1.75954e+10
0.164 1.698e+10
0.165 1.64935e+10
0.166 1.62228e+10
0.167 1.62316e+10
0.168 1.65495e+10
0.169 1.71656e+10
0.17 1.80275e+10
0.171 1.90466e+10
0.172 2.01126e+10
0.173 2.11108e+10
0.174 2.19422e+10
0.175 2.25347e+10
0.176 2.28482e+10
0.177 2.28732e+10
0.178 2.26268e+10
0.179 2.21513e+10
0.18 2.15094e+10
0.181 2.07766e+10
0.182 2.00338e+10
0.183 1.93594e+10
0.184 1.88266e+10
0.185 1.85009e+10
0.186 1.84379e+10
0.187 1.8675e+10
0.188 1.92226e+10
0.189 2.00542e+10
0.19 2.11025e+10
0.191 2.22642e+10
0.192 2.34075e+10
0.193 2.43873e+10
0.194 2.50667e+10
0.195 2.53443e+10
0.196 2.51835e+10
0.197 2.46301e+10
0.198 2.38077e+10
0.199 2.28883e+10
0.2 2.20502e+10
0.201 2.14379e+10
0.202 2.11372e+10
0.203 2.11665e+10
0.204 2.14878e+10
0.205 2.20264e+10
0.206 2.26925e+10
0.207 2.33985e+10
0.208 2.40696e+10
0.209 2.46468e+10
0.21 2.50892e+10
0.211 2.5375e+10
0.212 2.54955e+10
0.213 2.54514e+10
0.214 2.52512e+10
0.215 2.49233e+10
0.216 2.45364e+10
0.217 2.42048e+10
0.218 2.40598e+10
0.219 2.41917e+10
0.22 2.4602e+10
0.221 2.51938e+10
0.222 2.58065e+10
0.223 2.62718e+10
0.224 2.64728e+10
0.225 2.63765e+10
0.226 2.60385e+10
0.227 2.55767e+10
0.228 2.51392e+10
0.229 2.48662e+10
0.23 2.48559e+10
0.231 2.51348e+10
0.232 2.56528e+10
0.233 2.63146e+10
0.234 2.70299e+10
0.235 2.7738e+10
0.236 2.838e+10
0.237 2.88612e+10
0.238 2.90565e+10
0.239 2.88563e+10
0.24 2.82342e+10
0.241 2.72866e+10
0.242 2.62201e+10
0.243 2.52965e+10
0.244 2.47602e+10
0.245 2.47813e+10
0.246 2.54111e+10
0.247 2.6563e+10
0.248 2.80211e+10
0.249 2.94941e+10
0.25 3.07037e+10
0.251 3.14523e+10
0.252 3.16442e+10
0.253 3.12667e+10
0.254 3.03789e+10
0.255 2.91188e+10
0.256 2.77127e+10
0.257 2.64543e+10
0.258 2.56383e+10
0.259 2.54779e+10
0.26 2.60495e+10
0.261 2.72728e+10
0.262 2.89245e+10
0.263 3.06803e+10
0.264 3.21825e+10
0.265 3.31244e+10
0.266 3.33281e+10
0.267 3.2791e+10
0.268 3.16776e+10
0.269 3.02561e+10
0.27 2.88361e+10
0.271 2.7716e+10
0.272 2.71374e+10
0.273 2.72293e+10
0.274 2.79725e+10
0.275 2.92067e+10
0.276 3.0674e+10
0.277 3.20842e+10
0.278 3.31801e+10
0.279 3.3766e+10
0.28 3.37335e+10
0.281 3.31109e+10
0.282 3.20909e+10
0.283 3.09728e+10
0.284 3.00485e+10
0.285 2.95208e+10
0.286 2.94741e+10
0.287 2.9876e+10
0.288 3.05948e+10
0.289 3.14408e+10
0.29 3.22353e+10
0.291 3.28722e+10
0.292 3.33221e+10
0.293 3.35671e+10
0.294 3.35648e+10
0.295 3.33139e+10
0.296 3.29163e+10
0.297 3.25287e+10
0.298 3.22564e+10
0.299 3.21224e+10
0.3 3.2098e+10
0.301 3.21326e+10
0.302 3.21805e+10
0.303 3.22373e+10
0.304 3.23876e+10
0.305 3.27666e+10
0.306 3.34237e+10
0.307 3.42147e+10
0.308 3.48864e+10
0.309 3.52499e+10
0.31 3.52436e+10
0.311 3.48863e+10
0.312 3.42493e+10
0.313 3.34621e+10
0.314 3.26872e+10
0.315 3.20835e+10
0.316 3.18277e+10
0.317 3.21306e+10
0.318 3.31218e+10
0.319 3.4666e+10
0.32 3.63132e+10
0.321 3.75065e+10
0.322 3.78709e+10
0.323 3.73375e+10
0.324 3.61043e+10
0.325 3.45512e+10
0.326 3.30977e+10
0.327 3.20756e+10
0.328 3.17174e+10
0.329 3.22067e+10
0.33 3.36179e+10
0.331 3.57322e+10
0.332 3.79503e+10
0.333 3.94949e+10
0.334 3.98104e+10
0.335 3.88279e+10
0.336 3.69563e+10
0.337 3.48661e+10
0.338 3.31824e+10
0.339 3.22804e+10
0.34 3.23169e+10
0.341 3.33397e+10
0.342 3.52549e+10
0.343 3.76652e+10
0.344 3.98392e+10
0.345 4.09757e+10
0.346 4.06245e+10
0.347 3.89593e+10
0.348 3.66938e+10
0.349 3.46803e+10
0.35 3.34854e+10
0.351 3.32775e+10
0.352 3.40057e+10
0.353 3.55491e+10
0.354 3.76411e+10
0.355 3.97509e+10
0.356 4.11689e+10
0.357 4.13221e+10
0.358 4.01344e+10
0.359 3.8159e+10
0.36 3.62707e+10
0.361 3.51104e+10
0.362 3.48369e+10
0.363 3.53194e+10
0.364 3.64072e+10
0.365 3.7939e+10
0.366 3.95987e+10
0.367 4.08973e+10
0.368 4.13423e+10
0.369 4.07232e+10
0.37 3.93619e+10
0.371 3.79549e+10
0.372 3.70369e+10
0.373 3.66937e+10
0.374 3.67916e+10
0.375 3.72756e+10
0.376 3.81619e+10
0.377 3.93537e+10
0.378 4.05587e+10
0.379 4.13485e+10
0.38 4.13894e+10
0.381 4.07475e+10
0.382 3.98414e+10
0.383 3.90034e+10
0.384 3.82913e+10
0.385 3.77475e+10
0.386 3.75895e+10
0.387 3.80657e+10
0.388 3.92109e+10
0.389 4.0743e+10
0.39 4.21085e+10
0.391 4.2759e+10
0.392 4.2525e+10
0.393 4.16136e+10
0.394 4.02865e+10
0.395 3.88179e+10
0.396 3.76543e+10
0.397 3.73265e+10
0.398 3.81435e+10
0.399 3.9978e+10
0.4 4.22403e+10
0.401 4.40591e+10
0.402 4.47095e+10
0.403 4.39981e+10
0.404 4.22234e+10
0.405 3.99504e+10
0.406 3.79443e+10
0.407 3.7005e+10
0.408 3.7617e+10
0.409 3.96852e+10
0.41 4.25365e+10
0.411 4.51232e+10
0.412 4.63982e+10
0.413 4.58273e+10
0.414 4.36545e+10
0.415 4.0726e+10
0.416 3.816e+10
0.417 3.69865e+10
0.418 3.7723e+10
0.419 4.01364e+10
0.42 4.33675e+10
0.421 4.62574e+10
0.422 4.7664e+10
0.423 4.693e+10
0.424 4.43231e+10
0.425 4.09601e+10
0.426 3.82613e+10
0.427 3.73482e+10
0.428 3.85655e+10
0.429 4.13729e+10
0.43 4.47043e+10
0.431 4.74101e+10
0.432 4.84482e+10
0.433 4.72422e+10
0.434 4.4229e+10
0.435 4.07919e+10
0.436 3.84968e+10
0.437 3.83061e+10
0.438 4.01609e+10
0.439 4.3158e+10
0.44 4.619e+10
0.441 4.83034e+10
0.442 4.86525e+10
0.443 4.68634e+10
0.444 4.36611e+10
0.445 4.06297e+10
0.446 3.92202e+10
0.447 3.99452e+10
0.448 4.22199e+10
0.449 4.49842e+10
0.45 4.73955e+10
0.451 4.8766e+10
0.452 4.83785e+10
0.453 4.61357e+10
0.454 4.31055e+10
0.455 4.09003e+10
0.456 4.05548e+10
0.457 4.19409e+10
0.458 4.4153e+10
0.459 4.64149e+10
0.46 4.8253e+10
0.461 4.89793e+10
0.462 4.79304e+10
0.463 4.54331e+10
0.464 4.28811e+10
0.465 4.1664e+10
0.466 4.21469e+10
0.467 4.37066e+10
0.468 4.56577e+10
0.469 4.76722e+10
0.47 4.91684e+10
0.471 4.91815e+10
0.472 4.73856e+10
0.473 4.47684e+10
0.474 4.28947e+10
0.475 4.25819e+10
0.476 4.35384e+10
0.477 4.5216e+10
0.478 4.73564e+10
0.479 4.93959e+10
0.48 5.01746e+10
0.481 4.89206e+10
0.482 4.62806e+10
0.483 4.3919e+10
0.484 4.30136e+10
0.485 4.35663e+10
0.486 4.51549e+10
0.487 4.75078e+10
0.488 4.99347e+10
0.489 5.10924e+10
0.49 5.00019e+10
0.491 4.72134e+10
0.492 4.4528e+10
0.493 4.33488e+10
0.494 4.38292e+10
0.495 4.55945e+10
0.496 4.82459e+10
0.497 5.08452e+10
0.498 5.1903e+10
0.499 5.05165e+10
0.5 4.746e+10
0.501 4.47198e+10
0.502 4.37016e+10
0.503 4.44948e+10
0.504 4.6648e+10
0.505 4.9529e+10
0.506 5.19138e+10
0.507 5.23378e+10
0.508 5.03213e+10
0.509 4.71127e+10
0.51 4.4767e+10
0.511 4.43781e+10
0.512 4.57651e+10
0.513 4.83019e+10
0.514 5.10707e+10
0.515 5.26902e+10
0.516 5.20626e+10
0.517 4.94567e+10
0.518 4.65728e+10
0.519 4.51588e+10
0.52 4.56936e+10
0.521 4.76518e+10
0.522 5.02228e+10
0.523 5.22997e+10
0.524 5.26731e+10
0.525 5.1021e+10
0.526 4.84064e+10
0.527 4.65176e+10
0.528 4.63362e+10
0.529 4.76626e+10
0.53 4.97626e+10
0.531 5.17644e+10
0.532 5.26137e+10
0.533 5.17385e+10
0.534 4.97654e+10
0.535 4.80122e+10
0.536 4.74761e+10
0.537 4.82453e+10
0.538 4.97623e+10
0.539 5.13739e+10
0.54 5.22902e+10
0.541 5.18937e+10
0.542 5.05609e+10
0.543 4.93139e+10
0.544 4.88438e+10
0.545 4.92363e+10
0.546 5.01532e+10
0.547 5.12079e+10
0.548 5.19358e+10
0.549 5.17848e+10
0.55 5.09663e+10
0.551 5.03297e+10
0.552 5.02174e+10
0.553 5.04374e+10
0.554 5.07865e+10
0.555 5.12256e+10
0.556 5.16447e+10
0.557 5.16201e+10
0.558 5.12184e+10
0.559 5.11487e+10
0.56 5.14808e+10
0.561 5.16503e+10
0.562 5.14855e+10
0.563 5.13351e+10
0.564 5.1461e+10
0.565 5.15445e+10
0.566 5.15063e+10
0.567 5.18976e+10
0.568 5.25892e+10
0.569 5.27103e+10
0.57 5.20898e+10
0.571 5.1469e+10
0.572 5.14265e+10
0.573 5.16662e+10
0.574 5.19437e+10
0.575 5.26536e+10
0.576 5.35204e+10
0.577 5.34964e+10
0.578 5.24943e+10
0.579 5.16143e+10
0.58 5.16046e+10
0.581 5.20587e+10
0.582 5.25717e+10
0.583 5.34102e+10
0.584 5.42165e+10
0.585 5.39373e+10
0.586 5.26924e+10
0.587 5.1847e+10
0.588 5.20799e+10
0.589 5.27417e+10
0.59 5.3325e+10
0.591 5.40611e+10
0.592 5.45975e+10
0.593 5.40409e+10
0.594 5.28067e+10
0.595 5.23244e+10
0.596 5.29081e+10
0.597 5.36323e+10
0.598 5.40378e+10
0.599 5.44592e+10
0.6 5.46328e+10
0.601 5.39392e+10
0.602 5.30727e+10
0.603 5.319e+10
0.604 5.40308e+10
0.605 5.45193e+10
0.606 5.44828e+10
0.607 5.44935e+10
0.608 5.44115e+10
0.609 5.39249e+10
0.61 5.37735e+10
0.611 5.44729e+10
0.612 5.52069e+10
0.613 5.50802e+10
0.614 5.4469e+10
0.615 5.4205e+10
0.616 5.42277e+10
0.617 5.43867e+10
0.618 5.50508e+10
0.619 5.59306e+10
0.62 5.60227e+10
0.621 5.50392e+10
0.622 5.40228e+10
0.623 5.39002e+10
0.624 5.45376e+10
0.625 5.55876e+10
0.626 5.66906e+10
0.627 5.70539e+10
0.628 5.60746e+10
0.629 5.43779e+10
0.63 5.34804e+10
0.631 5.40993e+10
0.632 5.5733e+10
0.633 5.73815e+10
0.634 5.80946e+10
0.635 5.72988e+10
0.636 5.52673e+10
0.637 5.34703e+10
0.638 5.34368e+10
0.639 5.53166e+10
0.64 5.77491e+10
0.641 5.90685e+10
0.642 5.85544e+10
0.643 5.6467e+10
0.644 5.40096e+10
0.645 5.30141e+10
0.646 5.45325e+10
0.647 5.76e+10
0.648 5.98137e+10
0.649 5.9771e+10
0.65 5.77825e+10
0.651 5.49684e+10
0.652 5.30658e+10
0.653 5.37561e+10
0.654 5.69836e+10
0.655 6.01633e+10
0.656 6.08477e+10
0.657 5.90959e+10
0.658 5.61665e+10
0.659 5.35953e+10
0.66 5.32783e+10
0.661 5.61253e+10
0.662 6.00506e+10
0.663 6.16845e+10
0.664 6.03497e+10
0.665 5.74688e+10
0.666 5.44789e+10
0.667 5.31918e+10
0.668 5.52764e+10
0.669 5.95602e+10
0.67 6.22008e+10
0.671 6.14868e+10
0.672 5.87928e+10
0.673 5.55837e+10
0.674 5.34624e+10
0.675 5.4598e+10
0.676 5.88465e+10
0.677 6.2394e+10
0.678 6.24787e+10
0.679 6.01059e+10
0.68 5.67984e+10
0.681 5.39683e+10
0.682 5.41222e+10
0.683 5.80684e+10
0.684 6.23491e+10
0.685 6.33261e+10
0.686 6.13853e+10
0.687 5.80345e+10
0.688 5.4581e+10
0.689 5.38164e+10
0.69 5.73582e+10
0.691 6.21972e+10
0.692 6.40685e+10
0.693 6.26209e+10
0.694 5.92157e+10
0.695 5.51679e+10
0.696 5.36015e+10
0.697 5.67828e+10
0.698 6.20716e+10
0.699 6.47722e+10
0.7 6.38078e+10
0.701 6.02738e+10
0.702 5.56179e+10
0.703 5.34183e+10
0.704 5.64092e+10
0.705 6.21156e+10
0.706 6.5522e+10
0.707 6.4926e+10
0.708 6.11039e+10
0.709 5.58188e+10
0.71 5.32313e+10
0.711 5.63041e+10
0.712 6.24409e+10
0.713 6.63725e+10
0.714 6.59186e+10
0.715 6.16003e+10
0.716 5.57217e+10
0.717 5.30805e+10
0.718 5.65463e+10
0.719 6.31109e+10
0.72 6.73238e+10
0.721 6.66954e+10
0.722 6.16657e+10
0.723 5.53331e+10
0.724 5.30594e+10
0.725 5.72125e+10
0.726 6.41447e+10
0.727 6.83306e+10
0.728 6.7133e+10
0.729 6.12272e+10
0.73 5.47452e+10
0.731 5.33239e+10
0.732 5.83628e+10
0.733 6.5488e+10
0.734 6.92482e+10
0.735 6.70787e+10
0.736 6.03029e+10
0.737 5.41584e+10
0.738 5.40379e+10
0.739 5.99749e+10
0.74 6.7004e+10
0.741 6.98963e+10
0.742 6.64276e+10
0.743 5.90255e+10
0.744 5.38295e+10
0.745 5.52982e+10
0.746 6.19434e+10
0.747 6.85019e+10
0.748 7.00773e+10
0.749 6.51769e+10
0.75 5.76658e+10
0.751 5.4014e+10
0.752 5.70963e+10
0.753 6.41024e+10
0.754 6.97685e+10
0.755 6.96328e+10
0.756 6.34653e+10
0.757 5.65594e+10
0.758 5.48444e+10
0.759 5.92823e+10
0.76 6.62433e+10
0.761 7.05832e+10
0.762 6.85229e+10
0.763 6.15942e+10
0.764 5.60119e+10
0.765 5.62676e+10
0.766 6.16604e+10
0.767 6.81734e+10
0.768 7.07704e+10
0.769 6.68615e+10
0.77 5.99177e+10
0.771 5.61134e+10
0.772 5.81024e+10
0.773 6.40998e+10
0.774 6.97548e+10
0.775 7.02749e+10
0.776 6.49127e+10
0.777 5.86852e+10
0.778 5.67692e+10
0.779 6.02357e+10
0.78 6.65418e+10
0.781 7.0824e+10
0.782 6.91077e+10
0.783 6.29344e+10
0.784 5.79223e+10
0.785 5.78738e+10
0.786 6.27298e+10
0.787 6.89025e+10
0.788 7.11897e+10
0.789 6.73709e+10
0.79 6.10509e+10
0.791 5.75837e+10
0.792 5.96106e+10
0.793 6.56832e+10
0.794 7.08993e+10
0.795 7.06305e+10
0.796 6.51195e+10
0.797 5.92823e+10
0.798 5.79483e+10
0.799 6.23422e+10
0.8 6.88896e+10
0.801 7.20135e+10
0.802 6.89496e+10
0.803 6.23892e+10
0.804 5.79998e+10
0.805 5.97052e+10
0.806 6.60932e+10
0.807 7.16264e+10
0.808 7.16447e+10
0.809 6.60374e+10
0.81 5.95956e+10
0.811 5.82381e+10
0.812 6.32919e+10
0.813 7.00623e+10
0.814 7.28707e+10
0.815 6.93676e+10
0.816 6.22431e+10
0.817 5.80749e+10
0.818 6.10105e+10
0.819 6.79895e+10
0.82 7.28261e+10
0.821 7.17808e+10
0.822 6.52899e+10
0.823 5.90841e+10
0.824 5.95384e+10
0.825 6.59037e+10
0.826 7.1962e+10
0.827 7.3093e+10
0.828 6.81211e+10
0.829 6.09212e+10
0.83 5.89674e+10
0.831 6.41327e+10
0.832 7.0744e+10
0.833 7.34649e+10
0.834 7.0308e+10
0.835 6.31449e+10
0.836 5.92376e+10
0.837 6.28596e+10
0.838 6.94912e+10
0.839 7.32087e+10
0.84 7.1685e+10
0.841 6.5342e+10
0.842 6.01687e+10
0.843 6.21651e+10
0.844 6.84149e+10
0.845 7.26417e+10
0.846 7.2328e+10
0.847 6.71932e+10
0.848 6.1508e+10
0.849 6.20352e+10
0.85 6.76241e+10
0.851 7.19936e+10
0.852 7.24278e+10
0.853 6.85416e+10
0.854 6.30082e+10
0.855 6.23974e+10
0.856 6.71616e+10
0.857 7.1395e+10
0.858 7.21914e+10
0.859 6.9374e+10
0.86 6.44597e+10
0.861 6.3135e+10
0.862 6.70366e+10
0.863 7.09275e+10
0.864 7.1791e+10
0.865 6.97607e+10
0.866 6.57255e+10
0.867 6.41254e+10
0.868 6.7213e+10
0.869 7.06099e+10
0.87 7.13436e+10
0.871 6.9824e+10
0.872 6.67387e+10
0.873 6.52384e+10
0.874 6.76316e+10
0.875 7.04433e+10
0.876 7.09225e+10
0.877 6.96897e+10
0.878 6.75027e+10
0.879 6.63804e+10
0.88 6.82256e+10
0.881 7.04074e+10
0.882 7.05682e+10
0.883 6.94557e+10
0.884 6.80559e+10
0.885 6.74766e+10
0.886 6.89216e+10
0.887 7.04829e+10
0.888 7.02981e+10
0.889 6.91928e+10
0.89 6.84457e+10
0.891 6.84926e+10
0.892 6.96643e+10
0.893 7.06556e+10
0.894 7.01243e+10
0.895 6.89421e+10
0.896 6.87253e+10
0.897 6.94082e+10
0.898 7.04088e+10
0.899 7.09049e+10
0.9 7.00371e+10
0.901 6.87099e+10
0.902 6.89343e+10
0.903 7.02258e+10
0.904 7.11312e+10
0.905 7.12279e+10
0.906 7.00197e+10
0.907 6.85e+10
0.908 6.91106e+10
0.909 7.09547e+10
0.91 7.18252e+10
0.911 7.16209e+10
0.912 7.00408e+10
0.913 6.8285e+10
0.914 6.9272e+10
0.915 7.16201e+10
0.916 7.25113e+10
0.917 7.20851e+10
0.918 7.00521e+10
0.919 6.80415e+10
0.92 6.94521e+10
0.921 7.22622e+10
0.922 7.32302e+10
0.923 7.25923e+10
0.924 6.99743e+10
0.925 6.7751e+10
0.926 6.96874e+10
0.927 7.29317e+10
0.928 7.40205e+10
0.929 7.3086e+10
0.93 6.97233e+10
0.931 6.74298e+10
0.932 7.00277e+10
0.933 7.36996e+10
0.934 7.49081e+10
0.935 7.34635e+10
0.936 6.92225e+10
0.937 6.71271e+10
0.938 7.05493e+10
0.939 7.46329e+10
0.94 7.5862e+10
0.941 7.3567e+10
0.942 6.84428e+10
0.943 6.69447e+10
0.944 7.13319e+10
0.945 7.5789e+10
0.946 7.67869e+10
0.947 7.32311e+10
0.948 6.74379e+10
0.949 6.70235e+10
0.95 7.24575e+10
0.951 7.71665e+10
0.952 7.74785e+10
0.953 7.23102e+10
0.954 6.63677e+10
0.955 6.75225e+10
0.956 7.39871e+10
0.957 7.86644e+10
0.958 7.76596e+10
0.959 7.07946e+10
0.96 6.5496e+10
0.961 6.85919e+10
0.962 7.59362e+10
0.963 8.00696e+10
0.964 7.70479e+10
0.965 6.88467e+10
0.966 6.51165e+10
0.967 7.03148e+10
0.968 7.81953e+10
0.969 8.10184e+10
0.97 7.54823e+10
0.971 6.6831e+10
0.972 6.55126e+10
0.973 7.27176e+10
0.974 8.05236e+10
0.975 8.10874e+10
0.976 7.30417e+10
0.977 6.52159e+10
0.978 6.68645e+10
0.979 7.5696e+10
0.98 8.24953e+10
0.981 7.99281e+10
0.982 7.01203e+10
0.983 6.44692e+10
0.984 6.92351e+10
0.985 7.8975e+10
0.986 8.35538e+10
0.987 7.7485e+10
0.988 6.73249e+10
0.989 6.49174e+10
0.99 7.25312e+10
0.991 8.20677e+10
0.992 8.3197e+10
0.993 7.40982e+10
0.994 6.53052e+10
0.995 6.67202e+10
0.996 7.64732e+10
0.997 8.4308e+10
0.998 8.1218e+10
0.999 7.04413e+10
