0 -6.43701e-10
50 -1.2787e-09
100 -4.53701e-10
150 1.863e-10
200 9.13004e-11
250 4.81301e-10
300 -5.13701e-10
350 2.513e-10
400 1.863e-10
450 -7.87002e-11
500 -1.937e-10
550 -1.037e-10
600 -4.63701e-10
650 4.76301e-10
700 -3.98701e-10
750 -7.33701e-10
800 7.11302e-10
850 6.11301e-10
900 -9.88702e-10
950 -1.37003e-11
1000 -2.68701e-10
1050 -5.18701e-10
1100 4.66301e-10
1150 1.1813e-09
1200 -9.23701e-10
1250 1.1663e-09
1300 1.863e-10
1350 -1.437e-10
1400 8.96301e-10
1450 -1.187e-10
1500 -1.037e-10
1550 7.61301e-10
1600 4.81301e-10
1650 -5.13701e-10
1700 8.76301e-10
1750 4.76301e-10
1800 7.06301e-10
1850 5.56301e-10
1900 -1.6387e-09
1950 9.26302e-10
2000 -4.63701e-10
2050 1.1813e-09
2100 -2.587e-10
2150 8.41302e-10
2200 -4.63701e-10
2250 -7.33701e-10
2300 -1.2737e-09
2350 -1.187e-10
2400 7.11302e-10
2450 -1.187e-10
2500 -1.987e-10
2550 4.66301e-10
2600 7.11302e-10
2650 -5.13701e-10
2700 4.81301e-10
2750 -6.48701e-10
2800 4.56301e-10
2850 1.1813e-09
2900 1.313e-10
2950 -2.68701e-10
3000 -3.33701e-10
3050 9.26302e-10
3100 -4.53701e-10
3150 9.21301e-10
3200 7.06301e-10
3250 9.62999e-11
3300 6.11301e-10
3350 9.62999e-11
3400 4.56301e-10
3450 -7.87002e-11
3500 -3.037e-10
3550 -5.37001e-11
3600 3.13003e-11
3650 9.11301e-10
3700 5.91301e-10
3750 -7.87002e-11
3800 5.96301e-10
3850 -1.187e-10
3900 8.46301e-10
3950 9.21301e-10
4000 4.56301e-10
4050 -1.0087e-09
4100 9.13004e-11
4150 -9.93702e-10
4200 9.16301e-10
4250 -1.837e-10
4300 -7.33701e-10
4350 8.76301e-10
4400 4.66301e-10
4450 8.76301e-10
4500 -1.937e-10
4550 -2.68701e-10
4600 4.96301e-10
4650 -1.187e-10
4700 -8.37002e-11
4750 -4.53701e-10
4800 4.51301e-10
4850 8.41302e-10
4900 -1.0087e-09
4950 5.56301e-10
5000 4.81301e-10
5050 5.01301e-10
5100 2.263e-10
5150 9.11301e-10
5200 1.1663e-09
5250 4.76301e-10
5300 6.46301e-10
5350 6.56301e-10
5400 4.76301e-10
5450 1.1813e-09
5500 4.96301e-10
5550 -9.37001e-11
5600 -7.87002e-11
5650 4.81301e-10
5700 -2.587e-10
5750 4.51301e-10
5800 5.56301e-10
5850 2.513e-10
5900 6.86301e-10
5950 8.96301e-10
6000 -5.37001e-11
6050 -5.13701e-10
6100 -7.87002e-11
6150 -6.48701e-10
6200 3.013e-10
6250 -9.88702e-10
6300 -1.0487e-09
6350 -8.87001e-11
6400 -9.23701e-10
6450 -4.53701e-10
6500 -3.98701e-10
6550 -5.18701e-10
6600 -9.88702e-10
6650 -5.23701e-10
6700 -3.98701e-10
6750 -1.2787e-09
6800 6.46301e-10
6850 2.113e-10
6900 9.62999e-11
6950 7.11302e-10
7000 -1.837e-10
7050 2.513e-10
7100 5.56301e-10
7150 -7.87002e-11
7200 -6.73701e-10
7250 -1.837e-10
7300 6.11301e-10
7350 5.96301e-10
7400 -4.13701e-10
7450 -1.637e-10
7500 9.11301e-10
7550 4.51301e-10
7600 -1.37003e-11
7650 4.96301e-10
7700 4.66301e-10
7750 7.11302e-10
7800 4.81301e-10
7850 -2.68701e-10
7900 1.1463e-09
7950 9.21301e-10
8000 6.86301e-10
8050 1.1663e-09
8100 -1.37003e-11
8150 -5.93701e-10
8200 -1.037e-10
8250 7.06301e-10
8300 -4.53701e-10
8350 9.16301e-10
8400 1.1513e-09
8450 4.81301e-10
8500 1.863e-10
8550 -8.83701e-10
8600 -6.68701e-10
8650 -1.187e-10
8700 -1.37003e-11
8750 -5.37001e-11
8800 -1.2737e-09
8850 -1.037e-10
8900 4.81301e-10
8950 2.513e-10
9000 -1.5437e-09
9050 -1.037e-10
9100 -6.68701e-10
9150 2.113e-10
9200 -7.87002e-11
9250 -2.37001e-11
9300 -1.937e-10
9350 -6.03701e-10
9400 8.41302e-10
9450 5.91301e-10
9500 4.96301e-10
9550 6.21301e-10
9600 -5.18701e-10
9650 5.96301e-10
9700 -1.6387e-09
9750 -3.187e-10
9800 -3.037e-10
9850 9.21301e-10
9900 4.96301e-10
9950 -1.937e-10
10000 -6.73701e-10
10050 -8.87001e-11
10100 -2.68701e-10
10150 -3.98701e-10
10200 -1.987e-10
10250 7.61301e-10
10300 -1.787e-10
10350 -5.23701e-10
10400 5.01301e-10
10450 6.46301e-10
10500 -2.37001e-11
10550 4.81301e-10
10600 9.11301e-10
10650 -4.13701e-10
10700 -6.73701e-10
10750 8.41302e-10
10800 9.26302e-10
10850 -7.28701e-10
10900 8.41302e-10
10950 9.21301e-10
11000 -6.88701e-10
11050 -8.83701e-10
11100 -8.48701e-10
11150 4.56301e-10
11200 -5.13701e-10
11250 -6.48701e-10
11300 -5.37001e-11
11350 -3.98701e-10
11400 1.1513e-09
11450 4.66301e-10
11500 6.71301e-10
11550 1.313e-10
11600 1.313e-10
11650 -4.53701e-10
11700 1.313e-10
11750 -1.037e-10
11800 -9.37001e-11
11850 -5.13701e-10
11900 -2.37001e-11
11950 -8.37002e-11
12000 -1.37003e-11
12050 9.21301e-10
12100 4.76301e-10
12150 -4.13701e-10
12200 5.91301e-10
12250 7.06301e-10
12300 6.21301e-10
12350 6.56301e-10
12400 -5.23701e-10
12450 -8.87001e-11
12500 -1.2737e-09
12550 4.81301e-10
12600 -6.03701e-10
12650 4.96301e-10
12700 -7.33701e-10
12750 4.56301e-10
12800 9.13004e-11
12850 -1.437e-10
12900 1.1663e-09
12950 9.16301e-10
13000 -7.87002e-11
13050 -1.2737e-09
13100 8.46301e-10
13150 9.13004e-11
13200 1.863e-10
13250 9.11301e-10
13300 1.1813e-09
13350 2.513e-10
13400 1.1663e-09
13450 -6.73701e-10
13500 9.11301e-10
13550 8.46301e-10
13600 -7.33701e-10
13650 9.62999e-11
13700 -1.0087e-09
13750 -1.6387e-09
13800 9.62999e-11
13850 1.1463e-09
13900 -1.437e-10
13950 -5.98701e-10
14000 -7.28701e-10
14050 -1.5437e-09
14100 -8.48701e-10
14150 -6.73701e-10
14200 6.46301e-10
14250 7.06301e-10
14300 -3.037e-10
14350 -8.87001e-11
14400 9.21301e-10
14450 9.11301e-10
14500 4.81301e-10
14550 -6.03701e-10
14600 9.11301e-10
14650 2.513e-10
14700 -1.787e-10
14750 4.96301e-10
14800 2.513e-10
14850 4.61301e-10
14900 -1.0087e-09
14950 -5.98701e-10
15000 -4.53701e-10
15050 9.26302e-10
15100 -5.23701e-10
15150 -1.987e-10
15200 -1.187e-10
15250 9.11301e-10
15300 -1.0087e-09
15350 -7.28701e-10
15400 7.61301e-10
15450 6.46301e-10
15500 -1.437e-10
15550 -1.0487e-09
15600 3.13003e-11
15650 -1.037e-10
15700 -6.68701e-10
15750 -9.88702e-10
15800 -6.48701e-10
15850 -4.53701e-10
15900 4.96301e-10
15950 -1.1687e-09
16000 -4.53701e-10
16050 -1.1687e-09
16100 -9.23701e-10
16150 -2.68701e-10
16200 -1.0087e-09
16250 -1.2737e-09
16300 -1.437e-10
16350 -8.87001e-11
16400 4.96301e-10
16450 -1.37003e-11
16500 -8.48701e-10
16550 4.66301e-10
16600 -6.43701e-10
16650 -5.13701e-10
16700 -9.88702e-10
16750 -4.13701e-10
16800 9.21301e-10
16850 -1.437e-10
16900 -4.13701e-10
16950 -6.88701e-10
17000 9.16301e-10
17050 -4.53701e-10
17100 -1.637e-10
17150 -6.88701e-10
17200 3.13003e-11
17250 -1.637e-10
17300 -1.437e-10
17350 -6.68701e-10
17400 -1.6387e-09
17450 5.91301e-10
17500 -1.187e-10
17550 7.61301e-10
17600 -1.637e-10
17650 9.62999e-11
17700 8.96301e-10
17750 9.21301e-10
17800 -3.037e-10
17850 9.16301e-10
17900 4.81301e-10
17950 1.313e-10
18000 -9.23701e-10
18050 -6.88701e-10
18100 -3.98701e-10
18150 1.1813e-09
18200 -1.2787e-09
18250 8.96301e-10
18300 -2.68701e-10
18350 -9.88702e-10
18400 5.56301e-10
18450 -8.48701e-10
18500 3.13003e-11
18550 6.86301e-10
18600 4.76301e-10
18650 9.21301e-10
18700 4.76301e-10
18750 -2.587e-10
18800 -6.48701e-10
18850 6.71301e-10
18900 -1.0087e-09
18950 7.61301e-10
19000 -1.037e-10
19050 -1.037e-10
19100 9.21301e-10
19150 4.76301e-10
19200 4.61301e-10
19250 9.11301e-10
19300 -7.28701e-10
19350 -7.87002e-11
19400 -5.18701e-10
19450 4.66301e-10
19500 -3.33701e-10
19550 -1.037e-10
19600 -5.23701e-10
19650 -1.0487e-09
19700 9.13004e-11
19750 6.46301e-10
19800 -1.5437e-09
19850 -2.68701e-10
19900 -1.0087e-09
19950 -6.03701e-10
20000 -1.187e-10
20050 1.1513e-09
20100 -5.13701e-10
20150 6.86301e-10
20200 -4.63701e-10
20250 1.1513e-09
20300 4.61301e-10
20350 6.21301e-10
20400 5.96301e-10
20450 1.1513e-09
20500 8.41302e-10
20550 -7.33701e-10
20600 -3.98701e-10
20650 -5.37001e-11
20700 8.76301e-10
20750 -4.13701e-10
20800 6.56301e-10
20850 -7.33701e-10
20900 -7.28701e-10
20950 2.263e-10
21000 3.13003e-11
21050 -2.587e-10
21100 -4.63701e-10
21150 5.56301e-10
21200 -4.63701e-10
21250 -6.03701e-10
21300 -9.88702e-10
21350 -5.13701e-10
21400 -1.37003e-11
21450 -1.37003e-11
21500 4.81301e-10
21550 8.41301e-10
21600 -1.437e-10
21650 -1.837e-10
21700 -6.43701e-10
21750 7.61301e-10
21800 -1.6387e-09
21850 -1.987e-10
21900 4.61301e-10
21950 -1.787e-10
22000 4.76301e-10
22050 -9.37001e-11
22100 -4.13701e-10
22150 6.11301e-10
22200 5.01301e-10
22250 -5.18701e-10
22300 -4.63701e-10
22350 -1.437e-10
22400 -9.23701e-10
22450 9.16301e-10
22500 8.41302e-10
22550 4.66301e-10
22600 -1.2737e-09
22650 -7.87002e-11
22700 -1.2787e-09
22750 -5.98701e-10
22800 -5.18701e-10
22850 9.62999e-11
22900 -2.287e-10
22950 9.26302e-10
23000 8.76301e-10
23050 -1.787e-10
23100 6.86301e-10
23150 -1.637e-10
23200 4.51301e-10
23250 5.56301e-10
23300 4.81301e-10
23350 -1.937e-10
23400 -9.88702e-10
23450 1.1813e-09
23500 -9.37001e-11
23550 7.11302e-10
23600 -1.37003e-11
23650 -1.0087e-09
23700 -7.87002e-11
23750 4.81301e-10
23800 -8.48701e-10
23850 -1.0487e-09
23900 -1.2737e-09
23950 6.46301e-10
24000 4.81301e-10
24050 -1.437e-10
24100 5.56301e-10
24150 4.81301e-10
24200 -3.33701e-10
24250 6.11301e-10
24300 -7.28701e-10
24350 -1.1687e-09
24400 -2.68701e-10
24450 1.313e-10
24500 -6.03701e-10
24550 -6.88701e-10
24600 4.61301e-10
24650 8.41302e-10
24700 -1.1687e-09
24750 -9.37001e-11
24800 -6.03701e-10
24850 -5.37001e-11
24900 -1.187e-10
24950 -2.68701e-10
25000 5.56301e-10
25050 -1.5437e-09
25100 -5.93701e-10
25150 -3.187e-10
25200 -1.2737e-09
25250 -8.48701e-10
25300 5.91301e-10
25350 2.513e-10
25400 9.21301e-10
25450 -6.03701e-10
25500 -1.2737e-09
25550 6.56301e-10
25600 1.863e-10
25650 7.61301e-10
25700 -1.037e-10
25750 6.11301e-10
25800 -1.187e-10
25850 1.0413e-09
25900 9.16301e-10
25950 9.26302e-10
26000 9.13004e-11
26050 -3.98701e-10
26100 9.11301e-10
26150 -1.787e-10
26200 -1.0487e-09
26250 6.21301e-10
26300 -2.37001e-11
26350 5.91301e-10
26400 -1.187e-10
26450 4.81301e-10
26500 -6.03701e-10
26550 -3.98701e-10
26600 -8.37002e-11
26650 9.16301e-10
26700 -6.43701e-10
26750 -6.03701e-10
26800 -8.48701e-10
26850 -2.287e-10
26900 -6.48701e-10
26950 -1.2787e-09
27000 -1.037e-10
27050 -8.48701e-10
27100 -8.37002e-11
27150 4.76301e-10
27200 -4.53701e-10
27250 1.0413e-09
27300 -1.0087e-09
27350 -1.0087e-09
27400 4.76301e-10
27450 3.013e-10
27500 -1.6387e-09
27550 6.11301e-10
27600 -5.93701e-10
27650 -4.63701e-10
27700 8.96301e-10
27750 1.863e-10
27800 2.263e-10
27850 6.11301e-10
27900 -3.33701e-10
27950 -1.037e-10
28000 -6.73701e-10
28050 5.91301e-10
28100 5.91301e-10
28150 -5.37001e-11
28200 5.91301e-10
28250 4.96301e-10
28300 -3.187e-10
28350 -1.2737e-09
28400 7.61301e-10
28450 -8.83701e-10
28500 -1.1687e-09
28550 1.1813e-09
28600 -7.33701e-10
28650 6.46301e-10
28700 -5.37001e-11
28750 2.113e-10
28800 -3.98701e-10
28850 7.11302e-10
28900 2.513e-10
28950 -5.98701e-10
29000 8.76301e-10
29050 -1.787e-10
29100 9.13004e-11
29150 4.81301e-10
29200 1.1463e-09
29250 4.81301e-10
29300 4.51301e-10
29350 -7.87002e-11
29400 1.1663e-09
29450 7.11302e-10
29500 1.1663e-09
29550 -1.787e-10
29600 1.1463e-09
29650 6.56301e-10
29700 7.06301e-10
29750 -8.83701e-10
29800 -5.98701e-10
29850 8.96301e-10
29900 -2.287e-10
29950 -1.837e-10
30000 9.13004e-11
30050 -6.03701e-10
30100 6.46301e-10
30150 -6.68701e-10
30200 7.61301e-10
30250 -5.98701e-10
30300 -1.787e-10
30350 4.56301e-10
30400 -8.83701e-10
30450 -9.23701e-10
30500 9.16301e-10
30550 -1.637e-10
30600 -6.88701e-10
30650 -6.48701e-10
30700 -9.93702e-10
30750 -1.937e-10
30800 -2.37001e-11
30850 3.13003e-11
30900 8.96301e-10
30950 6.11301e-10
31000 -1.187e-10
31050 1.1463e-09
31100 -1.787e-10
31150 -5.18701e-10
31200 -1.187e-10
31250 2.263e-10
31300 1.1813e-09
31350 6.11301e-10
31400 -8.37002e-11
31450 8.41302e-10
31500 -6.73701e-10
31550 -1.787e-10
31600 2.263e-10
31650 -8.48701e-10
31700 2.263e-10
31750 8.46301e-10
31800 1.1513e-09
31850 -9.37001e-11
31900 -3.037e-10
31950 4.96301e-10
32000 5.96301e-10
32050 3.013e-10
32100 4.76301e-10
32150 1.313e-10
32200 -6.43701e-10
32250 4.66301e-10
32300 -5.23701e-10
32350 4.96301e-10
32400 6.46301e-10
32450 -6.88701e-10
32500 -6.68701e-10
32550 -7.33701e-10
32600 6.71301e-10
32650 -2.287e-10
32700 7.61301e-10
32750 -1.037e-10
32800 -5.23701e-10
32850 -1.437e-10
32900 -6.68701e-10
32950 8.41302e-10
33000 5.91301e-10
33050 6.71301e-10
33100 -6.73701e-10
33150 -1.5437e-09
33200 5.56301e-10
33250 1.1663e-09
33300 -9.93702e-10
33350 -5.98701e-10
33400 -7.28701e-10
33450 1.1813e-09
33500 1.1813e-09
33550 -1.037e-10
33600 5.91301e-10
33650 8.41301e-10
33700 -1.0087e-09
33750 -1.637e-10
33800 4.96301e-10
33850 -6.43701e-10
33900 -7.87002e-11
33950 1.1513e-09
34000 -4.53701e-10
34050 9.16301e-10
34100 -3.33701e-10
34150 5.56301e-10
34200 -8.87001e-11
34250 1.863e-10
34300 -2.68701e-10
34350 -4.53701e-10
34400 5.01301e-10
34450 1.1513e-09
34500 -1.987e-10
34550 3.013e-10
34600 2.263e-10
34650 -5.13701e-10
34700 -1.437e-10
34750 6.56301e-10
34800 9.16301e-10
34850 -5.13701e-10
34900 -1.187e-10
34950 -8.83701e-10
35000 4.81301e-10
35050 4.56301e-10
35100 -6.43701e-10
35150 -6.73701e-10
35200 -6.88701e-10
35250 -1.787e-10
35300 7.11302e-10
35350 8.41301e-10
35400 4.61301e-10
35450 -8.83701e-10
35500 4.96301e-10
35550 -5.98701e-10
35600 -7.33701e-10
35650 -1.837e-10
35700 -1.2787e-09
35750 -5.13701e-10
35800 -1.5437e-09
35850 -7.28701e-10
35900 1.1813e-09
35950 4.96301e-10
36000 1.1663e-09
36050 9.62999e-11
36100 9.26302e-10
36150 -1.2737e-09
36200 6.21301e-10
36250 5.91301e-10
36300 -1.5437e-09
36350 9.13004e-11
36400 9.26302e-10
36450 -5.13701e-10
36500 -9.37001e-11
36550 -1.1687e-09
36600 6.56301e-10
36650 2.263e-10
36700 1.1513e-09
36750 5.91301e-10
36800 4.61301e-10
36850 -6.88701e-10
36900 1.0413e-09
36950 -6.48701e-10
37000 -1.1687e-09
37050 9.11301e-10
37100 4.56301e-10
37150 -6.48701e-10
37200 -3.037e-10
37250 5.01301e-10
37300 -1.187e-10
37350 -7.33701e-10
37400 -1.187e-10
37450 -1.6387e-09
37500 4.76301e-10
37550 -6.73701e-10
37600 5.01301e-10
37650 -2.587e-10
37700 -8.83701e-10
37750 -1.2737e-09
37800 8.41302e-10
37850 9.21301e-10
37900 4.76301e-10
37950 6.11301e-10
38000 -8.48701e-10
38050 6.11301e-10
38100 4.76301e-10
38150 -7.87002e-11
38200 -3.98701e-10
38250 -1.187e-10
38300 1.1813e-09
38350 1.1663e-09
38400 8.41301e-10
38450 -1.0087e-09
38500 -1.37003e-11
38550 7.06301e-10
38600 -6.68701e-10
38650 -8.37002e-11
38700 -1.5437e-09
38750 -9.37001e-11
38800 4.61301e-10
38850 -1.1687e-09
38900 -6.03701e-10
38950 -1.187e-10
39000 7.11302e-10
39050 1.1813e-09
39100 4.81301e-10
39150 -2.587e-10
39200 -1.037e-10
39250 -5.23701e-10
39300 -7.28701e-10
39350 9.62999e-11
39400 -1.787e-10
39450 4.51301e-10
39500 -6.48701e-10
39550 6.46301e-10
39600 4.81301e-10
39650 -8.87001e-11
39700 4.66301e-10
39750 -8.87001e-11
39800 4.61301e-10
39850 -6.48701e-10
39900 -7.33701e-10
39950 -1.037e-10
40000 -2.587e-10
40050 6.71301e-10
40100 -1.787e-10
40150 -6.03701e-10
40200 5.01301e-10
40250 4.66301e-10
40300 -6.03701e-10
40350 8.76301e-10
40400 -9.37001e-11
40450 1.1813e-09
40500 -1.787e-10
40550 8.96301e-10
40600 -1.0487e-09
40650 4.81301e-10
40700 6.21301e-10
40750 -1.5437e-09
40800 -1.37003e-11
40850 -8.37002e-11
40900 -1.37003e-11
40950 9.11301e-10
41000 1.1513e-09
41050 5.91301e-10
41100 -8.87001e-11
41150 9.21301e-10
41200 4.81301e-10
41250 -1.0087e-09
41300 -7.33701e-10
41350 -1.2787e-09
41400 -5.13701e-10
41450 -7.28701e-10
41500 -4.53701e-10
41550 4.76301e-10
41600 -4.13701e-10
41650 4.96301e-10
41700 2.113e-10
41750 -3.187e-10
41800 4.81301e-10
41850 -1.037e-10
41900 4.66301e-10
41950 5.56301e-10
42000 4.56301e-10
42050 1.1463e-09
42100 4.61301e-10
42150 6.71301e-10
42200 5.56301e-10
42250 -5.23701e-10
42300 6.46301e-10
42350 -8.83701e-10
42400 5.96301e-10
42450 8.96301e-10
42500 9.62999e-11
42550 -7.28701e-10
42600 4.96301e-10
42650 1.1663e-09
42700 4.76301e-10
42750 4.81301e-10
42800 -2.587e-10
42850 -2.287e-10
42900 -9.37001e-11
42950 -1.787e-10
43000 9.21301e-10
43050 7.06301e-10
43100 6.11301e-10
43150 -8.87001e-11
43200 -5.23701e-10
43250 -4.63701e-10
43300 -5.93701e-10
43350 5.91301e-10
43400 5.91301e-10
43450 -9.37001e-11
43500 -1.837e-10
43550 8.41302e-10
43600 2.113e-10
43650 -1.637e-10
43700 -6.73701e-10
43750 -7.87002e-11
43800 1.1463e-09
43850 -1.2787e-09
43900 -1.187e-10
43950 -1.837e-10
44000 6.71301e-10
44050 -7.87002e-11
44100 -9.23701e-10
44150 4.76301e-10
44200 -5.98701e-10
44250 -1.937e-10
44300 1.1463e-09
44350 -8.87001e-11
44400 6.46301e-10
44450 -1.0087e-09
44500 -7.28701e-10
44550 4.81301e-10
44600 -8.87001e-11
44650 8.96301e-10
44700 -8.87001e-11
44750 1.1663e-09
44800 -1.637e-10
44850 4.81301e-10
44900 -5.93701e-10
44950 -1.987e-10
45000 1.313e-10
45050 -6.73701e-10
45100 -6.48701e-10
45150 4.81301e-10
45200 9.11301e-10
45250 9.13004e-11
45300 4.61301e-10
45350 -1.637e-10
45400 6.71301e-10
45450 -1.0087e-09
45500 8.96301e-10
45550 -6.43701e-10
45600 -6.88701e-10
45650 -1.5437e-09
45700 9.21301e-10
45750 -9.93702e-10
45800 9.16301e-10
45850 -6.43701e-10
45900 -5.18701e-10
45950 -1.0487e-09
46000 1.1513e-09
46050 -5.13701e-10
46100 9.13004e-11
46150 8.46301e-10
46200 -9.88702e-10
46250 2.263e-10
46300 1.1513e-09
46350 4.51301e-10
46400 -1.0487e-09
46450 -7.87002e-11
46500 6.11301e-10
46550 1.0413e-09
46600 -7.28701e-10
46650 -1.0087e-09
46700 7.06301e-10
46750 -1.437e-10
46800 -4.53701e-10
46850 -1.0487e-09
46900 3.13003e-11
46950 4.81301e-10
47000 5.56301e-10
47050 -1.1687e-09
47100 -4.63701e-10
47150 9.26302e-10
47200 5.56301e-10
47250 -8.83701e-10
47300 3.13003e-11
47350 -1.037e-10
47400 8.41301e-10
47450 -5.13701e-10
47500 -6.88701e-10
47550 3.013e-10
47600 -8.37002e-11
47650 -9.23701e-10
47700 9.13004e-11
47750 -4.13701e-10
47800 -8.87001e-11
47850 -1.037e-10
47900 4.96301e-10
47950 -2.287e-10
48000 1.0413e-09
48050 1.0413e-09
48100 1.1663e-09
48150 -8.48701e-10
48200 4.81301e-10
48250 4.51301e-10
48300 -8.83701e-10
48350 6.11301e-10
48400 3.013e-10
48450 -1.187e-10
48500 6.46301e-10
48550 -1.637e-10
48600 5.96301e-10
48650 -9.23701e-10
48700 1.0413e-09
48750 1.863e-10
48800 -5.18701e-10
48850 -9.88702e-10
48900 1.1513e-09
48950 -2.37001e-11
49000 4.61301e-10
49050 9.26302e-10
49100 9.11301e-10
49150 4.81301e-10
49200 -1.037e-10
49250 8.41301e-10
49300 -7.28701e-10
49350 -5.93701e-10
49400 4.61301e-10
49450 -6.73701e-10
49500 -6.73701e-10
49550 -2.587e-10
49600 -8.87001e-11
49650 -3.037e-10
49700 8.46301e-10
49750 -1.787e-10
49800 -9.23701e-10
49850 -1.37003e-11
49900 -7.87002e-11
49950 4.51301e-10
50000 4.96301e-10
50050 6.11301e-10
50100 -6.48701e-10
50150 9.26302e-10
50200 -1.037e-10
50250 1.1513e-09
50300 4.76301e-10
50350 -6.88701e-10
50400 4.96301e-10
50450 -8.37002e-11
50500 -3.33701e-10
50550 -1.2787e-09
50600 2.263e-10
50650 -8.37002e-11
50700 3.013e-10
50750 8.41302e-10
50800 -1.187e-10
50850 2.263e-10
50900 1.1813e-09
50950 -8.87001e-11
51000 -1.837e-10
51050 -5.23701e-10
51100 -1.787e-10
51150 -3.33701e-10
51200 4.56301e-10
51250 1.0413e-09
51300 -1.637e-10
51350 -4.13701e-10
51400 -1.37003e-11
51450 8.76301e-10
51500 6.71301e-10
51550 -5.18701e-10
51600 1.1513e-09
51650 -5.23701e-10
51700 -6.43701e-10
51750 -1.0487e-09
51800 5.96301e-10
51850 -4.13701e-10
51900 -1.037e-10
51950 9.62999e-11
52000 -5.98701e-10
52050 -3.33701e-10
52100 4.76301e-10
52150 -6.48701e-10
52200 -8.48701e-10
52250 -4.13701e-10
52300 -6.73701e-10
52350 4.96301e-10
52400 -7.33701e-10
52450 -2.37001e-11
52500 7.11302e-10
52550 2.263e-10
52600 4.96301e-10
52650 4.51301e-10
52700 -7.87002e-11
52750 -7.28701e-10
52800 1.1513e-09
52850 -6.73701e-10
52900 -3.33701e-10
52950 5.96301e-10
53000 -9.93702e-10
53050 2.513e-10
53100 8.76301e-10
53150 -1.0487e-09
53200 4.61301e-10
53250 9.62999e-11
53300 -4.13701e-10
53350 -5.37001e-11
53400 -6.03701e-10
53450 -6.03701e-10
53500 3.013e-10
53550 4.61301e-10
53600 -5.93701e-10
53650 6.21301e-10
53700 1.1813e-09
53750 -7.28701e-10
53800 -3.187e-10
53850 4.76301e-10
53900 2.113e-10
53950 -1.987e-10
54000 9.13004e-11
54050 -8.48701e-10
54100 -8.37002e-11
54150 -4.63701e-10
54200 -3.33701e-10
54250 7.11302e-10
54300 6.71301e-10
54350 6.56301e-10
54400 -6.73701e-10
54450 4.51301e-10
54500 -1.37003e-11
54550 5.96301e-10
54600 -7.33701e-10
54650 -1.187e-10
54700 -8.87001e-11
54750 -1.937e-10
54800 -3.33701e-10
54850 -1.0487e-09
54900 -9.37001e-11
54950 -1.987e-10
55000 -5.13701e-10
55050 -2.287e-10
55100 -2.287e-10
55150 -9.37001e-11
55200 -4.13701e-10
55250 -9.93702e-10
55300 -1.437e-10
55350 4.61301e-10
55400 9.26302e-10
55450 4.81301e-10
55500 6.56301e-10
55550 -2.587e-10
55600 8.76301e-10
55650 -3.037e-10
55700 -8.87001e-11
55750 -7.87002e-11
55800 -3.037e-10
55850 -6.48701e-10
55900 -2.587e-10
55950 1.1813e-09
56000 -6.03701e-10
56050 -9.37001e-11
56100 1.863e-10
56150 -2.37001e-11
56200 -2.287e-10
56250 -8.87001e-11
56300 -5.93701e-10
56350 1.1463e-09
56400 -7.87002e-11
56450 -1.837e-10
56500 -4.63701e-10
56550 8.41301e-10
56600 -2.287e-10
56650 -1.0487e-09
56700 3.013e-10
56750 -7.33701e-10
56800 -1.1687e-09
56850 -3.187e-10
56900 -6.73701e-10
56950 -6.68701e-10
57000 1.1813e-09
57050 9.62999e-11
57100 -1.37003e-11
57150 9.13004e-11
57200 -9.88702e-10
57250 4.81301e-10
57300 7.06301e-10
57350 -1.0487e-09
57400 2.113e-10
57450 -7.87002e-11
57500 -7.33701e-10
57550 3.013e-10
57600 1.1513e-09
57650 -9.93702e-10
57700 -9.37001e-11
57750 -1.2737e-09
57800 -1.0487e-09
57850 1.1463e-09
57900 5.01301e-10
57950 9.11301e-10
58000 -5.23701e-10
58050 -8.87001e-11
58100 3.13003e-11
58150 4.56301e-10
58200 4.96301e-10
58250 -7.28701e-10
58300 -8.48701e-10
58350 1.1463e-09
58400 -6.73701e-10
58450 6.21301e-10
58500 3.13003e-11
58550 -9.37001e-11
58600 -1.037e-10
58650 8.41301e-10
58700 8.41301e-10
58750 3.013e-10
58800 7.11302e-10
58850 9.26302e-10
58900 -1.987e-10
58950 -1.937e-10
59000 4.81301e-10
59050 -8.48701e-10
59100 -2.287e-10
59150 -9.37001e-11
59200 -9.93702e-10
59250 -9.23701e-10
59300 4.66301e-10
59350 -9.88702e-10
59400 -1.837e-10
59450 8.46301e-10
59500 9.16301e-10
59550 -3.187e-10
59600 1.1813e-09
59650 1.1663e-09
59700 -1.5437e-09
59750 -1.2787e-09
59800 -3.037e-10
59850 1.0413e-09
59900 -6.68701e-10
59950 5.01301e-10
60000 -5.23701e-10
60050 -1.0487e-09
60100 6.11301e-10
60150 -6.73701e-10
60200 2.113e-10
60250 -1.187e-10
60300 8.41301e-10
60350 -1.2737e-09
60400 9.11301e-10
60450 -8.83701e-10
60500 4.96301e-10
60550 -6.43701e-10
60600 -6.03701e-10
60650 4.51301e-10
60700 -2.287e-10
60750 8.96301e-10
60800 -6.88701e-10
60850 -9.23701e-10
60900 -6.88701e-10
60950 -1.187e-10
61000 2.263e-10
61050 8.41302e-10
61100 -9.88702e-10
61150 -3.187e-10
61200 -5.37001e-11
61250 -7.28701e-10
61300 6.86301e-10
61350 4.96301e-10
61400 -8.37002e-11
61450 -2.587e-10
61500 2.263e-10
61550 -4.63701e-10
61600 6.86301e-10
61650 4.61301e-10
61700 2.113e-10
61750 9.26302e-10
61800 -5.18701e-10
61850 -1.0487e-09
61900 8.46301e-10
61950 -1.1687e-09
62000 -1.637e-10
62050 -5.98701e-10
62100 -2.287e-10
62150 -3.33701e-10
62200 9.26302e-10
62250 5.56301e-10
62300 -1.187e-10
62350 7.11302e-10
62400 9.62999e-11
62450 -1.37003e-11
62500 4.66301e-10
62550 4.76301e-10
62600 -6.03701e-10
62650 -2.287e-10
62700 -9.88702e-10
62750 4.81301e-10
62800 -8.37002e-11
62850 -1.937e-10
62900 -9.23701e-10
62950 2.263e-10
63000 3.013e-10
63050 -4.63701e-10
63100 -9.88702e-10
63150 -1.637e-10
63200 -5.98701e-10
63250 -4.13701e-10
63300 6.11301e-10
63350 -1.637e-10
63400 1.863e-10
63450 -2.68701e-10
63500 -9.37001e-11
63550 -1.0487e-09
63600 -5.13701e-10
63650 1.313e-10
63700 -5.23701e-10
63750 -5.18701e-10
63800 -7.87002e-11
63850 -8.87001e-11
63900 -5.18701e-10
63950 8.76301e-10
64000 1.1463e-09
64050 9.21301e-10
64100 -1.2787e-09
64150 -3.187e-10
64200 7.06301e-10
64250 1.863e-10
64300 4.51301e-10
64350 9.26302e-10
64400 1.1663e-09
64450 9.11301e-10
64500 -6.68701e-10
64550 -1.037e-10
64600 2.513e-10
64650 -1.837e-10
64700 5.91301e-10
64750 -1.0487e-09
64800 5.56301e-10
64850 6.21301e-10
64900 -7.87002e-11
64950 4.61301e-10
65000 3.013e-10
65050 5.91301e-10
65100 -1.837e-10
65150 -6.43701e-10
65200 4.56301e-10
65250 4.81301e-10
65300 -1.0087e-09
65350 4.61301e-10
65400 -6.88701e-10
65450 -1.2737e-09
65500 1.1663e-09
65550 -1.0487e-09
65600 1.313e-10
65650 9.21301e-10
65700 -6.43701e-10
65750 -1.637e-10
65800 -1.437e-10
65850 -6.48701e-10
65900 -1.1687e-09
65950 -1.637e-10
66000 -6.48701e-10
66050 -1.187e-10
66100 9.21301e-10
66150 4.66301e-10
66200 6.11301e-10
66250 -4.13701e-10
66300 9.21301e-10
66350 4.81301e-10
66400 1.1463e-09
66450 -1.2737e-09
66500 -1.637e-10
66550 -1.187e-10
66600 -3.037e-10
66650 4.66301e-10
66700 4.96301e-10
66750 -1.1687e-09
66800 4.96301e-10
66850 -1.0487e-09
66900 1.0413e-09
66950 5.01301e-10
67000 -9.37001e-11
67050 -1.2737e-09
67100 -1.2787e-09
67150 4.56301e-10
67200 -2.587e-10
67250 -3.98701e-10
67300 -1.437e-10
67350 -1.2737e-09
67400 -1.187e-10
67450 -1.037e-10
67500 -1.037e-10
67550 3.013e-10
67600 5.01301e-10
67650 -7.28701e-10
67700 -9.37001e-11
67750 -1.0487e-09
67800 4.96301e-10
67850 -1.037e-10
67900 -1.6387e-09
67950 -1.637e-10
68000 -5.18701e-10
68050 9.62999e-11
68100 -4.53701e-10
68150 4.81301e-10
68200 -1.5437e-09
68250 4.76301e-10
68300 -8.83701e-10
68350 -7.87002e-11
68400 -2.68701e-10
68450 -1.187e-10
68500 7.06301e-10
68550 -1.987e-10
68600 -6.48701e-10
68650 1.863e-10
68700 1.313e-10
68750 -1.987e-10
68800 -5.93701e-10
68850 -2.587e-10
68900 -2.587e-10
68950 -1.787e-10
69000 -1.1687e-09
69050 -1.1687e-09
69100 1.1813e-09
69150 -5.37001e-11
69200 8.41302e-10
69250 -2.287e-10
69300 8.76301e-10
69350 4.76301e-10
69400 -7.33701e-10
69450 -5.13701e-10
69500 -7.28701e-10
69550 1.0413e-09
69600 -1.0087e-09
69650 4.76301e-10
69700 -8.87001e-11
69750 -1.787e-10
69800 4.56301e-10
69850 1.1813e-09
69900 4.81301e-10
69950 1.313e-10
70000 -4.63701e-10
70050 -1.187e-10
70100 9.26302e-10
70150 6.71301e-10
70200 4.96301e-10
70250 4.76301e-10
70300 -1.987e-10
70350 2.263e-10
70400 3.13003e-11
70450 4.76301e-10
70500 7.06301e-10
70550 9.11301e-10
70600 -1.187e-10
70650 -2.587e-10
70700 -5.37001e-11
70750 1.313e-10
70800 -5.18701e-10
70850 -6.68701e-10
70900 -1.0487e-09
70950 8.41302e-10
71000 -8.37002e-11
71050 -3.037e-10
71100 -6.03701e-10
71150 1.1813e-09
71200 4.81301e-10
71250 -5.98701e-10
71300 -5.23701e-10
71350 -8.83701e-10
71400 -1.2787e-09
71450 4.61301e-10
71500 4.61301e-10
71550 1.313e-10
71600 -1.787e-10
71650 -5.98701e-10
71700 8.96301e-10
71750 -1.0487e-09
71800 -1.2737e-09
71850 4.81301e-10
71900 8.41301e-10
71950 2.263e-10
72000 4.51301e-10
72050 8.41301e-10
72100 4.51301e-10
72150 1.313e-10
72200 -4.63701e-10
72250 -5.98701e-10
72300 -7.33701e-10
72350 -2.37001e-11
72400 2.113e-10
72450 -5.18701e-10
72500 -1.937e-10
72550 -7.87002e-11
72600 -1.187e-10
72650 -1.937e-10
72700 -1.837e-10
72750 -1.0487e-09
72800 -1.437e-10
72850 -3.98701e-10
72900 -1.37003e-11
72950 5.01301e-10
73000 4.81301e-10
73050 -9.88702e-10
73100 -1.0487e-09
73150 -9.93702e-10
73200 2.113e-10
73250 -2.68701e-10
73300 -8.48701e-10
73350 6.56301e-10
73400 -4.53701e-10
73450 2.263e-10
73500 -2.287e-10
73550 4.66301e-10
73600 1.1463e-09
73650 -2.587e-10
73700 9.11301e-10
73750 -1.0487e-09
73800 -1.2787e-09
73850 4.76301e-10
73900 -1.5437e-09
73950 -9.23701e-10
74000 -7.87002e-11
74050 -1.1687e-09
74100 -6.88701e-10
74150 -1.5437e-09
74200 9.62999e-11
74250 2.263e-10
74300 -9.37001e-11
74350 -9.93702e-10
74400 3.013e-10
74450 -1.2737e-09
74500 -4.53701e-10
74550 -2.587e-10
74600 -2.587e-10
74650 1.313e-10
74700 9.11301e-10
74750 9.11301e-10
74800 4.96301e-10
74850 -2.587e-10
74900 -7.87002e-11
74950 8.76301e-10
75000 -4.53701e-10
75050 6.71301e-10
75100 -3.187e-10
75150 -2.287e-10
75200 -1.0087e-09
75250 -6.68701e-10
75300 2.263e-10
75350 6.71301e-10
75400 2.263e-10
75450 2.263e-10
75500 4.51301e-10
75550 -5.18701e-10
75600 -2.68701e-10
75650 -7.33701e-10
75700 4.81301e-10
75750 -9.93702e-10
75800 -8.83701e-10
75850 8.76301e-10
75900 3.13003e-11
75950 -5.13701e-10
76000 -1.2737e-09
76050 1.0413e-09
76100 -7.87002e-11
76150 -3.037e-10
76200 4.81301e-10
76250 9.21301e-10
76300 6.86301e-10
76350 6.71301e-10
76400 7.06301e-10
76450 -1.037e-10
76500 -3.037e-10
76550 8.96301e-10
76600 4.96301e-10
76650 1.1463e-09
76700 -1.987e-10
76750 -6.48701e-10
76800 1.1663e-09
76850 1.0413e-09
76900 9.16301e-10
76950 5.96301e-10
77000 -9.37001e-11
77050 1.1463e-09
77100 6.56301e-10
77150 -9.88702e-10
77200 -7.28701e-10
77250 -5.13701e-10
77300 1.1813e-09
77350 -6.68701e-10
77400 4.96301e-10
77450 -6.88701e-10
77500 -7.87002e-11
77550 -1.5437e-09
77600 9.16301e-10
77650 7.61301e-10
77700 9.21301e-10
77750 -1.2787e-09
77800 1.313e-10
77850 -1.937e-10
77900 7.06301e-10
77950 5.56301e-10
78000 3.13003e-11
78050 5.96301e-10
78100 -6.88701e-10
78150 6.71301e-10
78200 4.61301e-10
78250 -4.13701e-10
78300 -1.187e-10
78350 1.1813e-09
78400 -1.5437e-09
78450 -7.87002e-11
78500 9.13004e-11
78550 -1.637e-10
78600 4.61301e-10
78650 9.16301e-10
78700 4.61301e-10
78750 6.46301e-10
78800 -8.48701e-10
78850 -3.98701e-10
78900 5.56301e-10
78950 8.41302e-10
79000 -5.18701e-10
79050 8.76301e-10
79100 8.41302e-10
79150 -3.037e-10
79200 -9.88702e-10
79250 9.62999e-11
79300 1.1463e-09
79350 3.13003e-11
79400 -3.98701e-10
79450 -4.63701e-10
79500 8.46301e-10
79550 -9.88702e-10
79600 4.81301e-10
79650 -4.63701e-10
79700 4.76301e-10
79750 -7.87002e-11
79800 -7.87002e-11
79850 5.91301e-10
79900 -3.037e-10
79950 -1.2737e-09
80000 9.62999e-11
80050 2.513e-10
80100 5.96301e-10
80150 -8.48701e-10
80200 -5.93701e-10
80250 6.86301e-10
80300 -9.93702e-10
80350 4.81301e-10
80400 6.11301e-10
80450 -1.0087e-09
80500 9.11301e-10
80550 4.76301e-10
80600 9.16301e-10
80650 4.96301e-10
80700 1.1513e-09
80750 5.96301e-10
80800 4.76301e-10
80850 3.13003e-11
80900 -1.187e-10
80950 4.76301e-10
81000 -1.037e-10
81050 9.13004e-11
81100 -9.37001e-11
81150 -5.93701e-10
81200 -3.98701e-10
81250 -4.53701e-10
81300 8.41301e-10
81350 -1.6387e-09
81400 -6.88701e-10
81450 -8.83701e-10
81500 8.96301e-10
81550 -2.287e-10
81600 -1.0487e-09
81650 7.11302e-10
81700 -4.13701e-10
81750 6.71301e-10
81800 1.1513e-09
81850 -1.187e-10
81900 9.62999e-11
81950 9.62999e-11
82000 -7.87002e-11
82050 2.113e-10
82100 -1.037e-10
82150 7.11302e-10
82200 8.76301e-10
82250 -1.5437e-09
82300 6.71301e-10
82350 -5.37001e-11
82400 4.56301e-10
82450 6.56301e-10
82500 4.51301e-10
82550 6.21301e-10
82600 -1.437e-10
82650 -4.13701e-10
82700 1.1813e-09
82750 -2.587e-10
82800 -4.63701e-10
82850 5.56301e-10
82900 -3.33701e-10
82950 -3.33701e-10
83000 3.13003e-11
83050 1.1813e-09
83100 9.16301e-10
83150 9.11301e-10
83200 4.96301e-10
83250 4.66301e-10
83300 -1.637e-10
83350 4.76301e-10
83400 -1.37003e-11
83450 1.313e-10
83500 -9.88702e-10
83550 7.11302e-10
83600 -4.53701e-10
83650 -8.83701e-10
83700 9.62999e-11
83750 -1.2787e-09
83800 1.1463e-09
83850 -5.13701e-10
83900 9.16301e-10
83950 4.96301e-10
84000 -5.23701e-10
84050 -7.87002e-11
84100 -7.87002e-11
84150 1.1813e-09
84200 9.26302e-10
84250 -2.68701e-10
84300 4.51301e-10
84350 -2.287e-10
84400 4.51301e-10
84450 6.56301e-10
84500 4.81301e-10
84550 6.21301e-10
84600 -5.23701e-10
84650 -2.68701e-10
84700 7.11302e-10
84750 2.113e-10
84800 7.61301e-10
84850 4.61301e-10
84900 -3.187e-10
84950 -3.187e-10
85000 -6.68701e-10
85050 -2.68701e-10
85100 -1.037e-10
85150 3.13003e-11
85200 -5.18701e-10
85250 -7.33701e-10
85300 -5.37001e-11
85350 8.46301e-10
85400 -9.93702e-10
85450 6.56301e-10
85500 -1.037e-10
85550 2.263e-10
85600 -1.937e-10
85650 -1.637e-10
85700 -1.037e-10
85750 2.113e-10
85800 7.06301e-10
85850 8.41301e-10
85900 -1.0087e-09
85950 4.66301e-10
86000 -6.88701e-10
86050 4.81301e-10
86100 3.013e-10
86150 -8.87001e-11
86200 4.96301e-10
86250 6.21301e-10
86300 4.81301e-10
86350 -5.98701e-10
86400 -7.87002e-11
86450 8.76301e-10
86500 4.81301e-10
86550 4.61301e-10
86600 4.56301e-10
86650 -1.787e-10
86700 -6.03701e-10
86750 -5.98701e-10
86800 -9.37001e-11
86850 -3.98701e-10
86900 -1.037e-10
86950 -5.13701e-10
87000 6.11301e-10
87050 -1.0487e-09
87100 7.06301e-10
87150 -1.5437e-09
87200 -9.23701e-10
87250 3.13003e-11
87300 -1.187e-10
87350 2.113e-10
87400 9.16301e-10
87450 -6.88701e-10
87500 9.11301e-10
87550 -5.37001e-11
87600 2.513e-10
87650 5.96301e-10
87700 9.62999e-11
87750 8.76301e-10
87800 -3.187e-10
87850 -1.1687e-09
87900 -1.2737e-09
87950 7.61301e-10
88000 1.1463e-09
88050 -1.037e-10
88100 -4.63701e-10
88150 1.1513e-09
88200 1.1663e-09
88250 -8.37002e-11
88300 8.46301e-10
88350 -5.37001e-11
88400 -9.23701e-10
88450 9.16301e-10
88500 -8.48701e-10
88550 1.1813e-09
88600 2.113e-10
88650 -4.63701e-10
88700 4.76301e-10
88750 -5.18701e-10
88800 9.21301e-10
88850 -9.37001e-11
88900 7.61301e-10
88950 9.13004e-11
89000 2.113e-10
89050 -6.43701e-10
89100 -1.0487e-09
89150 -8.48701e-10
89200 4.96301e-10
89250 -1.37003e-11
89300 7.61301e-10
89350 4.76301e-10
89400 -7.87002e-11
89450 -1.0487e-09
89500 -2.68701e-10
89550 -6.88701e-10
89600 5.91301e-10
89650 -1.437e-10
89700 -6.48701e-10
89750 -1.637e-10
89800 -1.637e-10
89850 -9.88702e-10
89900 -5.23701e-10
89950 2.263e-10
90000 -1.037e-10
90050 4.81301e-10
90100 -2.287e-10
90150 -7.28701e-10
90200 -6.73701e-10
90250 -1.987e-10
90300 -3.33701e-10
90350 -8.48701e-10
90400 -1.2787e-09
90450 -9.93702e-10
90500 -2.68701e-10
90550 4.81301e-10
90600 -5.18701e-10
90650 6.86301e-10
90700 8.46301e-10
90750 4.81301e-10
90800 1.1513e-09
90850 4.76301e-10
90900 -2.587e-10
90950 -3.98701e-10
91000 -7.87002e-11
91050 6.86301e-10
91100 -5.98701e-10
91150 -3.037e-10
91200 -6.68701e-10
91250 8.76301e-10
91300 -8.83701e-10
91350 -8.87001e-11
91400 -9.88702e-10
91450 -6.43701e-10
91500 4.96301e-10
91550 4.61301e-10
91600 4.56301e-10
91650 4.66301e-10
91700 2.263e-10
91750 -1.987e-10
91800 -1.2737e-09
91850 4.81301e-10
91900 5.91301e-10
91950 7.61301e-10
92000 1.0413e-09
92050 -5.13701e-10
92100 -1.0487e-09
92150 5.91301e-10
92200 -1.0487e-09
92250 -1.2787e-09
92300 -7.28701e-10
92350 -8.48701e-10
92400 5.96301e-10
92450 -1.937e-10
92500 -8.37002e-11
92550 -5.23701e-10
92600 3.13003e-11
92650 9.11301e-10
92700 5.96301e-10
92750 5.96301e-10
92800 9.26302e-10
92850 6.11301e-10
92900 1.1663e-09
92950 -9.88702e-10
93000 6.46301e-10
93050 -9.37001e-11
93100 4.81301e-10
93150 9.13004e-11
93200 -6.88701e-10
93250 -2.587e-10
93300 -1.637e-10
93350 -6.03701e-10
93400 3.013e-10
93450 -3.33701e-10
93500 1.1813e-09
93550 -1.037e-10
93600 1.313e-10
93650 -1.2737e-09
93700 6.56301e-10
93750 -6.48701e-10
93800 -5.13701e-10
93850 9.13004e-11
93900 6.11301e-10
93950 -1.5437e-09
94000 9.13004e-11
94050 8.41301e-10
94100 1.1513e-09
94150 -9.23701e-10
94200 -8.37002e-11
94250 -6.48701e-10
94300 8.76301e-10
94350 -1.0487e-09
94400 1.1463e-09
94450 7.61301e-10
94500 -6.88701e-10
94550 1.1663e-09
94600 -1.1687e-09
94650 -8.83701e-10
94700 -1.037e-10
94750 1.1663e-09
94800 -1.187e-10
94850 2.513e-10
94900 -1.2787e-09
94950 -9.37001e-11
95000 6.56301e-10
95050 4.76301e-10
95100 4.81301e-10
95150 1.1813e-09
95200 -1.187e-10
95250 7.06301e-10
95300 -5.13701e-10
95350 -6.43701e-10
95400 4.61301e-10
95450 -8.83701e-10
95500 6.56301e-10
95550 -6.43701e-10
95600 -1.187e-10
95650 -8.87001e-11
95700 1.1513e-09
95750 -5.18701e-10
95800 -8.83701e-10
95850 -7.28701e-10
95900 -3.037e-10
95950 1.0413e-09
96000 -3.98701e-10
96050 -1.6387e-09
96100 -3.187e-10
96150 -1.437e-10
96200 9.13004e-11
96250 -1.6387e-09
96300 -2.587e-10
96350 -6.68701e-10
96400 -8.83701e-10
96450 -1.5437e-09
96500 -1.037e-10
96550 4.51301e-10
96600 -6.73701e-10
96650 -2.287e-10
96700 -6.03701e-10
96750 4.81301e-10
96800 9.11301e-10
96850 -9.23701e-10
96900 6.21301e-10
96950 -1.2737e-09
97000 -3.33701e-10
97050 -1.937e-10
97100 -1.2787e-09
97150 -6.48701e-10
97200 3.13003e-11
97250 3.13003e-11
97300 7.11302e-10
97350 6.46301e-10
97400 -4.63701e-10
97450 4.96301e-10
97500 1.1463e-09
97550 7.11302e-10
97600 2.113e-10
97650 -1.037e-10
97700 2.263e-10
97750 -5.23701e-10
97800 -8.37002e-11
97850 -1.0487e-09
97900 8.41301e-10
97950 -3.33701e-10
98000 1.1463e-09
98050 3.013e-10
98100 -1.437e-10
98150 -1.037e-10
98200 1.1513e-09
98250 -1.5437e-09
98300 -5.18701e-10
98350 1.1663e-09
98400 6.46301e-10
98450 -7.28701e-10
98500 -4.53701e-10
98550 2.263e-10
98600 -8.83701e-10
98650 4.51301e-10
98700 3.013e-10
98750 -6.03701e-10
98800 -7.87002e-11
98850 -1.837e-10
98900 -1.987e-10
98950 5.96301e-10
99000 -7.28701e-10
99050 -6.48701e-10
99100 -1.2787e-09
99150 4.96301e-10
99200 -7.28701e-10
99250 -5.13701e-10
99300 4.61301e-10
99350 -3.33701e-10
99400 -8.48701e-10
99450 -9.37001e-11
99500 -9.88702e-10
99550 -1.037e-10
99600 4.81301e-10
99650 -1.5437e-09
99700 8.46301e-10
99750 -1.0487e-09
99800 1.1463e-09
99850 4.76301e-10
99900 -6.43701e-10
99950 -1.0487e-09
