0 -8.079e-05
50 -1.879e-05
100 4.321e-05
150 0.00015421
200 1.371e-05
250 8.771e-05
300 -0.00011829
350 2.771e-05
400 -0.00011929
450 1.071e-05
500 3.071e-05
550 -1.929e-05
600 -3.929e-05
650 0.00010721
700 -3.029e-05
750 -4.579e-05
800 -1.279e-05
850 6.921e-05
900 -0.00012429
950 2.071e-05
1000 8.21e-06
1050 0.00013071
1100 5.471e-05
1150 5.171e-05
1200 0.00017371
1250 -0.00012479
1300 0.00014421
1350 1.371e-05
1400 -1.279e-05
1450 -5.329e-05
1500 0.00016971
1550 4.321e-05
1600 5.121e-05
1650 -5.029e-05
1700 -4.579e-05
1750 0.00016971
1800 5.571e-05
1850 3.721e-05
1900 -0.00013729
1950 2.271e-05
2000 -9.829e-05
2050 -6.929e-05
2100 3.771e-05
2150 -0.00012429
2200 -8.929e-05
2250 8.21e-06
2300 0.00016121
2350 -6.929e-05
2400 0.00017671
2450 0.00019521
2500 -0.00012879
2550 7.71e-06
2600 -4.929e-05
2650 2.371e-05
2700 -0.00014579
2750 5.471e-05
2800 0.00016121
2850 2.571e-05
2900 0.00014421
2950 -0.00013529
3000 -3.929e-05
3050 2.271e-05
3100 -6.379e-05
3150 5.471e-05
3200 2.571e-05
3250 3.721e-05
3300 0.00019521
3350 -0.00012929
3400 2.571e-05
3450 2.571e-05
3500 -1.279e-05
3550 -5.779e-05
3600 0.00019521
3650 2.771e-05
3700 5.21e-06
3750 -1.929e-05
3800 3.771e-05
3850 5.21e-06
3900 -0.00013729
3950 -1.929e-05
4000 0.00012871
4050 -3.229e-05
4100 7.1e-07
4150 2.271e-05
4200 6.921e-05
4250 -0.00012479
4300 -6.379e-05
4350 1.371e-05
4400 1.771e-05
4450 8.421e-05
4500 -0.00017679
4550 -3.029e-05
4600 6.521e-05
4650 -0.00017379
4700 0.00019821
4750 -0.00012079
4800 -4.929e-05
4850 -0.00012429
4900 -0.00015979
4950 -0.00014529
5000 -0.00017379
5050 -0.00015979
5100 -5.779e-05
5150 0.00010721
5200 -0.00011929
5250 2.571e-05
5300 -0.00018329
5350 5.171e-05
5400 5.121e-05
5450 0.00019521
5500 5.121e-05
5550 -3.779e-05
5600 0.00015421
5650 -0.00012479
5700 -5.329e-05
5750 -3.479e-05
5800 0.00012871
5850 -1.929e-05
5900 -7.279e-05
5950 -3.929e-05
6000 0.00017671
6050 -0.00012479
6100 -0.00012429
6150 -0.00012479
6200 6.921e-05
6250 2.271e-05
6300 0.00014971
6350 -0.00015979
6400 -5.029e-05
6450 0.00010121
6500 -0.00011729
6550 -8.929e-05
6600 0.00012921
6650 0.00015421
6700 7.1e-07
6750 2.821e-05
6800 2.771e-05
6850 -3.29e-06
6900 6.921e-05
6950 -0.00012929
7000 6.921e-05
7050 4.321e-05
7100 -0.00017379
7150 5.171e-05
7200 -6.929e-05
7250 2.571e-05
7300 -0.00014579
7350 -1.279e-05
7400 -0.00012879
7450 -0.00012429
7500 2.271e-05
7550 -3.779e-05
7600 3.371e-05
7650 -0.00017379
7700 -0.00016029
7750 5.21e-06
7800 0.00014421
7850 0.00017671
7900 -0.00012429
7950 -0.00014579
8000 0.00016121
8050 -0.00017679
8100 -1.879e-05
8150 6.521e-05
8200 6.921e-05
8250 0.00013071
8300 -0.00017379
8350 5.121e-05
8400 1.071e-05
8450 0.00019521
8500 -0.00012479
8550 -9.829e-05
8600 -6.579e-05
8650 0.00015421
8700 -3.029e-05
8750 5.221e-05
8800 -0.00017379
8850 -6.829e-05
8900 -4.579e-05
8950 -9.829e-05
9000 -5.779e-05
9050 0.00019521
9100 0.00019521
9150 -0.00012879
9200 -0.00013729
9250 -4.579e-05
9300 7.71e-06
9350 2.821e-05
9400 -8.079e-05
9450 -6.379e-05
9500 4.321e-05
9550 -4.929e-05
9600 -0.00012729
9650 8.771e-05
9700 2.571e-05
9750 -8.079e-05
9800 5.171e-05
9850 6.921e-05
9900 -0.00012479
9950 -0.00013529
10000 0.00014421
10050 0.00014421
10100 5.171e-05
10150 2.271e-05
10200 5.221e-05
10250 -0.00017379
10300 -0.00014579
10350 8.421e-05
10400 5.171e-05
10450 5.21e-06
10500 0.00013071
10550 0.00019521
10600 0.00015421
10650 4.321e-05
10700 -0.00016029
10750 0.00012871
10800 -0.00016029
10850 7.71e-06
10900 -0.00012879
10950 6.521e-05
11000 -3.479e-05
11050 0.00012371
11100 2.271e-05
11150 -0.00014579
11200 -6.379e-05
11250 -0.00013729
11300 -0.00012679
11350 -0.00012679
11400 -0.00013529
11450 -3.229e-05
11500 -0.00014579
11550 0.00019821
11600 1.071e-05
11650 5.471e-05
11700 4.321e-05
11750 -0.00011829
11800 -1.279e-05
11850 2.071e-05
11900 2.071e-05
11950 8.421e-05
12000 2.771e-05
12050 -0.00012079
12100 0.00015421
12150 -4.579e-05
12200 0.00019821
12250 8.771e-05
12300 8.421e-05
12350 -0.00016029
12400 2.371e-05
12450 8.21e-06
12500 0.00019521
12550 1.371e-05
12600 -0.00012729
12650 -1.729e-05
12700 -0.00012929
12750 -0.00016029
12800 5.21e-06
12850 -0.00013729
12900 8.21e-06
12950 -0.00012929
13000 -1.879e-05
13050 4.321e-05
13100 6.921e-05
13150 -3.29e-06
13200 -3.929e-05
13250 -8.29e-06
13300 5.21e-06
13350 0.00019821
13400 4.321e-05
13450 -0.00012929
13500 0.00016121
13550 -0.00012729
13600 5.221e-05
13650 -7.279e-05
13700 -6.829e-05
13750 7.71e-06
13800 3.371e-05
13850 5.21e-06
13900 0.00017371
13950 7.1e-07
14000 2.371e-05
14050 8.771e-05
14100 -6.579e-05
14150 -0.00012929
14200 3.371e-05
14250 0.00015421
14300 0.00012871
14350 5.21e-06
14400 -0.00012429
14450 0.00019521
14500 -6.579e-05
14550 2.771e-05
14600 -8.29e-06
14650 4.321e-05
14700 -3.779e-05
14750 8.421e-05
14800 4.321e-05
14850 2.271e-05
14900 2.771e-05
14950 0.00019521
15000 -4.579e-05
15050 -0.00012429
15100 -5.029e-05
15150 -0.00011929
15200 5.21e-06
15250 0.00012371
15300 -6.379e-05
15350 -0.00013529
15400 0.00014971
15450 -4.579e-05
15500 -1.279e-05
15550 0.00019521
15600 6.921e-05
15650 -4.579e-05
15700 -1.279e-05
15750 -3.229e-05
15800 -1.279e-05
15850 2.071e-05
15900 -1.279e-05
15950 3.721e-05
16000 0.00010121
16050 7.71e-06
16100 5.571e-05
16150 5.221e-05
16200 -0.00012729
16250 -7.279e-05
16300 0.00010121
16350 6.921e-05
16400 -0.00012429
16450 0.00015421
16500 -6.579e-05
16550 1.771e-05
16600 8.421e-05
16650 8.421e-05
16700 -1.279e-05
16750 -3.779e-05
16800 5.571e-05
16850 -3.029e-05
16900 5.121e-05
16950 5.21e-06
17000 2.271e-05
17050 5.571e-05
17100 -4.929e-05
17150 -0.00012429
17200 -0.00012479
17250 -0.00012429
17300 -0.00014579
17350 7.371e-05
17400 -0.00011929
17450 5.21e-06
17500 2.771e-05
17550 2.771e-05
17600 0.00017371
17650 5.221e-05
17700 0.00017371
17750 -0.00013529
17800 6.921e-05
17850 0.00010721
17900 -3.779e-05
17950 -4.579e-05
18000 -3.029e-05
18050 0.00019821
18100 -0.00012079
18150 -0.00012679
18200 0.00014971
18250 -0.00012429
18300 0.00017671
18350 0.00019521
18400 -0.00011929
18450 5.571e-05
18500 -1.729e-05
18550 0.00015421
18600 1.071e-05
18650 6.521e-05
18700 -1.929e-05
18750 0.00016121
18800 6.521e-05
18850 -6.829e-05
18900 0.00012921
18950 1.371e-05
19000 -0.00017679
19050 5.471e-05
19100 9.221e-05
19150 -3.929e-05
19200 -0.00017679
19250 -6.379e-05
19300 3.071e-05
19350 2.071e-05
19400 2.071e-05
19450 -8.929e-05
19500 -1.279e-05
19550 -3.229e-05
19600 0.00019321
19650 2.371e-05
19700 -1.929e-05
19750 -0.00011829
19800 -0.00013729
19850 -8.929e-05
19900 6.921e-05
19950 0.00012871
20000 2.571e-05
20050 -0.00012429
20100 0.00019321
20150 0.00014421
20200 8.21e-06
20250 -3.479e-05
20300 3.371e-05
20350 0.00016121
20400 8.21e-06
20450 -0.00015979
20500 0.00012871
20550 -0.00012679
20600 -0.00011729
20650 -1.929e-05
20700 -4.579e-05
20750 0.00016971
20800 -8.29e-06
20850 -8.929e-05
20900 1.371e-05
20950 -0.00017379
21000 -0.00012729
21050 -8.929e-05
21100 -3.29e-06
21150 0.00017371
21200 4.321e-05
21250 0.00019521
21300 -0.00017379
21350 0.00015421
21400 0.00017371
21450 -0.00011929
21500 -8.29e-06
21550 -6.379e-05
21600 7.371e-05
21650 -0.00018329
21700 -0.00011829
21750 -5.329e-05
21800 -4.579e-05
21850 -4.579e-05
21900 1.071e-05
21950 3.771e-05
22000 -4.579e-05
22050 -9.829e-05
22100 2.821e-05
22150 7.1e-07
22200 -0.00013729
22250 -6.929e-05
22300 -0.00012679
22350 -6.829e-05
22400 2.771e-05
22450 5.221e-05
22500 -6.929e-05
22550 -0.00013729
22600 -0.00015979
22650 -9.829e-05
22700 -0.00017679
22750 -0.00012929
22800 0.00010121
22850 2.271e-05
22900 -2.779e-05
22950 0.00012921
23000 0.00019521
23050 0.00012371
23100 -5.779e-05
23150 2.071e-05
23200 0.00019521
23250 0.00016121
23300 -8.29e-06
23350 -8.929e-05
23400 -0.00012429
23450 -6.579e-05
23500 6.921e-05
23550 -7.279e-05
23600 2.271e-05
23650 6.921e-05
23700 4.321e-05
23750 0.00012871
23800 5.471e-05
23850 2.271e-05
23900 0.00010721
23950 0.00017371
24000 -7.279e-05
24050 0.00019321
24100 -0.00011929
24150 -0.00013729
24200 7.71e-06
24250 1.071e-05
24300 5.21e-06
24350 2.571e-05
24400 1.371e-05
24450 5.471e-05
24500 3.071e-05
24550 -9.829e-05
24600 -2.779e-05
24650 3.771e-05
24700 0.00015421
24750 0.00019821
24800 -3.229e-05
24850 5.121e-05
24900 0.00014421
24950 3.721e-05
25000 -6.579e-05
25050 5.571e-05
25100 5.571e-05
25150 0.00013071
25200 -3.479e-05
25250 -0.00015979
25300 -0.00014579
25350 -6.579e-05
25400 -2.779e-05
25450 0.00012871
25500 2.371e-05
25550 0.00016971
25600 -3.29e-06
25650 -0.00014529
25700 0.00014421
25750 0.00019321
25800 -0.00014529
25850 -1.279e-05
25900 9.221e-05
25950 2.271e-05
26000 7.1e-07
26050 5.21e-06
26100 0.00019521
26150 -5.329e-05
26200 -0.00012679
26250 4.321e-05
26300 3.721e-05
26350 -8.929e-05
26400 -0.00014529
26450 0.00019821
26500 8.421e-05
26550 2.271e-05
26600 -0.00014529
26650 2.821e-05
26700 -0.00013529
26750 -0.00012729
26800 5.171e-05
26850 -7.279e-05
26900 0.00010721
26950 -0.00015979
27000 1.771e-05
27050 2.571e-05
27100 -6.379e-05
27150 2.371e-05
27200 1.771e-05
27250 -6.379e-05
27300 -0.00011729
27350 0.00012871
27400 -1.929e-05
27450 -2.779e-05
27500 2.271e-05
27550 -8.929e-05
27600 2.371e-05
27650 -4.579e-05
27700 -1.279e-05
27750 -6.379e-05
27800 0.00019521
27850 5.571e-05
27900 1.071e-05
27950 1.771e-05
28000 2.571e-05
28050 8.771e-05
28100 2.271e-05
28150 1.371e-05
28200 -0.00011729
28250 -0.00012679
28300 -0.00012429
28350 -8.079e-05
28400 -0.00012479
28450 -0.00012079
28500 6.921e-05
28550 -1.879e-05
28600 8.421e-05
28650 1.371e-05
28700 -0.00012429
28750 -0.00012079
28800 -0.00011729
28850 -6.379e-05
28900 2.571e-05
28950 -3.029e-05
29000 7.1e-07
29050 -6.929e-05
29100 -0.00013729
29150 8.771e-05
29200 0.00010721
29250 8.421e-05
29300 -3.229e-05
29350 -0.00017379
29400 1.771e-05
29450 -3.29e-06
29500 -0.00017379
29550 0.00013071
29600 5.471e-05
29650 -0.00017679
29700 0.00015421
29750 0.00015421
29800 0.00012371
29850 6.921e-05
29900 -6.579e-05
29950 0.00017371
30000 0.00014971
30050 2.771e-05
30100 -2.779e-05
30150 1.371e-05
30200 -4.579e-05
30250 8.771e-05
30300 7.71e-06
30350 7.71e-06
30400 2.071e-05
30450 -4.579e-05
30500 6.921e-05
30550 3.371e-05
30600 -1.279e-05
30650 0.00010721
30700 -8.929e-05
30750 7.1e-07
30800 -0.00012929
30850 -3.929e-05
30900 2.571e-05
30950 0.00017371
31000 7.71e-06
31050 -5.329e-05
31100 -6.579e-05
31150 -0.00011729
31200 2.371e-05
31250 -6.379e-05
31300 -1.279e-05
31350 0.00012921
31400 8.771e-05
31450 -8.29e-06
31500 -0.00012429
31550 -8.079e-05
31600 0.00016971
31650 0.00012871
31700 -0.00011829
31750 2.071e-05
31800 2.271e-05
31850 -0.00015979
31900 5.21e-06
31950 -1.929e-05
32000 7.71e-06
32050 5.221e-05
32100 -9.829e-05
32150 0.00010721
32200 -1.279e-05
32250 0.00014971
32300 2.371e-05
32350 -0.00012479
32400 -0.00012929
32450 2.571e-05
32500 0.00012871
32550 0.00010721
32600 0.00017671
32650 -0.00011929
32700 -0.00012729
32750 -8.29e-06
32800 1.071e-05
32850 -7.279e-05
32900 0.00014421
32950 0.00019521
33000 5.571e-05
33050 2.821e-05
33100 -8.29e-06
33150 -0.00011829
33200 5.21e-06
33250 -4.579e-05
33300 -0.00014529
33350 -0.00012429
33400 8.421e-05
33450 -7.279e-05
33500 -0.00011729
33550 -1.279e-05
33600 -0.00013529
33650 5.121e-05
33700 -0.00011929
33750 0.00014421
33800 -3.479e-05
33850 6.521e-05
33900 0.00019821
33950 5.121e-05
34000 6.921e-05
34050 0.00017671
34100 3.721e-05
34150 2.571e-05
34200 -8.079e-05
34250 0.00016121
34300 -0.00011829
34350 0.00017671
34400 -4.579e-05
34450 -0.00017679
34500 -2.779e-05
34550 2.071e-05
34600 4.321e-05
34650 -5.329e-05
34700 0.00014421
34750 0.00019821
34800 0.00019521
34850 -0.00014579
34900 0.00019321
34950 8.21e-06
35000 -9.829e-05
35050 6.921e-05
35100 -0.00018329
35150 5.221e-05
35200 4.321e-05
35250 3.771e-05
35300 -0.00016029
35350 -0.00012879
35400 -5.329e-05
35450 -4.579e-05
35500 -7.279e-05
35550 2.771e-05
35600 -0.00012479
35650 -6.379e-05
35700 -1.279e-05
35750 -8.079e-05
35800 -6.929e-05
35850 -9.829e-05
35900 -0.00013529
35950 5.171e-05
36000 -3.29e-06
36050 0.00016971
36100 1.071e-05
36150 -5.029e-05
36200 -5.329e-05
36250 -1.729e-05
36300 -8.079e-05
36350 7.1e-07
36400 0.00017371
36450 8.421e-05
36500 -6.929e-05
36550 -4.579e-05
36600 -6.579e-05
36650 0.00010121
36700 5.171e-05
36750 2.271e-05
36800 5.121e-05
36850 -0.00012679
36900 6.921e-05
36950 4.321e-05
37000 8.21e-06
37050 -1.279e-05
37100 2.371e-05
37150 3.071e-05
37200 9.221e-05
37250 0.00015421
37300 -1.729e-05
37350 0.00013071
37400 0.00012371
37450 2.821e-05
37500 -0.00018329
37550 5.121e-05
37600 -9.829e-05
37650 -0.00011729
37700 0.00012871
37750 -1.279e-05
37800 8.421e-05
37850 -5.329e-05
37900 -0.00018329
37950 -0.00011929
38000 -0.00011929
38050 0.00010721
38100 5.21e-06
38150 2.821e-05
38200 -4.579e-05
38250 4.321e-05
38300 5.471e-05
38350 5.571e-05
38400 -8.079e-05
38450 -0.00012079
38500 -4.579e-05
38550 -6.829e-05
38600 5.21e-06
38650 0.00012871
38700 -0.00013529
38750 -9.829e-05
38800 -1.279e-05
38850 0.00014971
38900 -0.00017379
38950 -6.829e-05
39000 2.571e-05
39050 2.571e-05
39100 -5.779e-05
39150 -0.00011929
39200 5.571e-05
39250 -0.00012679
39300 -0.00011929
39350 -0.00012479
39400 -0.00013529
39450 -6.929e-05
39500 0.00019821
39550 -4.579e-05
39600 4.321e-05
39650 -8.079e-05
39700 5.171e-05
39750 -1.929e-05
39800 -0.00014529
39850 2.271e-05
39900 -3.229e-05
39950 4.321e-05
40000 0.00019521
40050 2.771e-05
40100 -7.279e-05
40150 2.271e-05
40200 0.00019521
40250 -0.00011829
40300 0.00019521
40350 6.921e-05
40400 7.71e-06
40450 0.00010121
40500 -0.00012429
40550 2.071e-05
40600 2.271e-05
40650 9.221e-05
40700 -0.00012879
40750 -4.929e-05
40800 -4.579e-05
40850 6.521e-05
40900 0.00016971
40950 2.771e-05
41000 5.471e-05
41050 2.771e-05
41100 9.221e-05
41150 -3.29e-06
41200 -0.00011929
41250 -3.929e-05
41300 -0.00014579
41350 -4.929e-05
41400 -0.00015979
41450 3.771e-05
41500 0.00015421
41550 7.71e-06
41600 0.00014971
41650 -0.00017379
41700 0.00010121
41750 1.771e-05
41800 -1.929e-05
41850 -0.00011829
41900 -0.00013729
41950 -0.00011829
42000 -0.00012479
42050 1.371e-05
42100 0.00012871
42150 4.321e-05
42200 2.771e-05
42250 -0.00014529
42300 -0.00012929
42350 -6.379e-05
42400 0.00014971
42450 -0.00011729
42500 2.271e-05
42550 4.321e-05
42600 -0.00016029
42650 -0.00012429
42700 3.371e-05
42750 -0.00011929
42800 3.071e-05
42850 2.371e-05
42900 2.771e-05
42950 0.00017671
43000 -5.029e-05
43050 2.371e-05
43100 1.371e-05
43150 2.821e-05
43200 0.00014971
43250 0.00015421
43300 -0.00017679
43350 -3.779e-05
43400 -0.00012729
43450 -1.929e-05
43500 -0.00014529
43550 2.571e-05
43600 8.771e-05
43650 -3.479e-05
43700 -1.279e-05
43750 -0.00012729
43800 -5.779e-05
43850 -3.029e-05
43900 -6.929e-05
43950 2.821e-05
44000 -0.00012079
44050 2.821e-05
44100 2.571e-05
44150 0.00010121
44200 0.00019321
44250 5.221e-05
44300 -0.00014529
44350 2.071e-05
44400 -1.729e-05
44450 0.00014971
44500 2.271e-05
44550 5.171e-05
44600 -0.00014529
44650 -3.479e-05
44700 -1.279e-05
44750 -4.929e-05
44800 5.121e-05
44850 -0.00016029
44900 0.00012871
44950 -0.00015979
45000 -0.00014579
45050 4.321e-05
45100 -1.279e-05
45150 -0.00012079
45200 5.471e-05
45250 4.321e-05
45300 0.00019321
45350 -0.00015979
45400 -0.00013529
45450 -0.00014579
45500 -0.00013729
45550 -3.029e-05
45600 -3.479e-05
45650 -0.00014579
45700 0.00012371
45750 -6.579e-05
45800 0.00019521
45850 -8.079e-05
45900 -6.579e-05
45950 0.00019521
46000 -5.779e-05
46050 -3.479e-05
46100 2.771e-05
46150 -8.079e-05
46200 -1.729e-05
46250 7.1e-07
46300 8.21e-06
46350 -0.00014579
46400 -5.779e-05
46450 -4.929e-05
46500 7.1e-07
46550 4.321e-05
46600 0.00017671
46650 -0.00013529
46700 0.00010721
46750 -0.00011729
46800 -0.00017679
46850 -0.00017379
46900 -3.29e-06
46950 -3.29e-06
47000 7.71e-06
47050 -0.00012429
47100 -4.579e-05
47150 8.771e-05
47200 -6.929e-05
47250 2.771e-05
47300 0.00016121
47350 8.21e-06
47400 3.721e-05
47450 1.371e-05
47500 2.271e-05
47550 2.271e-05
47600 3.721e-05
47650 2.371e-05
47700 3.071e-05
47750 2.371e-05
47800 -5.029e-05
47850 -0.00011829
47900 2.571e-05
47950 0.00014971
48000 -6.579e-05
48050 7.71e-06
48100 7.71e-06
48150 -0.00012079
48200 -0.00012079
48250 0.00012371
48300 7.71e-06
48350 -3.029e-05
48400 8.21e-06
48450 0.00014421
48500 9.221e-05
48550 -0.00012079
48600 -0.00012679
48650 0.00012371
48700 2.271e-05
48750 -5.779e-05
48800 0.00012871
48850 9.221e-05
48900 1.071e-05
48950 7.1e-07
49000 -4.579e-05
49050 2.821e-05
49100 -0.00012879
49150 -1.279e-05
49200 2.571e-05
49250 -0.00018329
49300 6.521e-05
49350 0.00010721
49400 0.00012371
49450 -0.00014529
49500 -8.079e-05
49550 -5.329e-05
49600 5.171e-05
49650 -6.929e-05
49700 2.571e-05
49750 -3.29e-06
49800 -0.00011829
49850 -0.00014579
49900 2.571e-05
49950 6.921e-05
50000 -0.00016029
50050 -0.00012929
50100 -3.29e-06
50150 7.71e-06
50200 -0.00012929
50250 2.371e-05
50300 0.00013071
50350 -0.00011929
50400 -0.00012929
50450 5.171e-05
50500 5.571e-05
50550 3.771e-05
50600 2.571e-05
50650 -0.00018329
50700 -0.00013729
50750 -7.279e-05
50800 6.921e-05
50850 0.00012921
50900 2.071e-05
50950 -0.00013529
51000 6.521e-05
51050 1.071e-05
51100 0.00012871
51150 -0.00015979
51200 -0.00016029
51250 -0.00012729
51300 5.21e-06
51350 -0.00011929
51400 1.071e-05
51450 7.71e-06
51500 2.371e-05
51550 -9.829e-05
51600 -6.929e-05
51650 -0.00012729
51700 -0.00012679
51750 2.571e-05
51800 4.321e-05
51850 2.071e-05
51900 5.471e-05
51950 0.00014971
52000 -3.929e-05
52050 -0.00014579
52100 0.00013071
52150 -0.00011929
52200 0.00016971
52250 -0.00017679
52300 -0.00017379
52350 -1.729e-05
52400 0.00010721
52450 0.00015421
52500 2.821e-05
52550 -0.00012729
52600 -4.579e-05
52650 -0.00012729
52700 2.771e-05
52750 -3.929e-05
52800 -0.00014579
52850 -0.00016029
52900 8.21e-06
52950 2.571e-05
53000 -0.00012929
53050 0.00019321
53100 -0.00012429
53150 4.321e-05
53200 2.371e-05
53250 -5.329e-05
53300 5.471e-05
53350 5.171e-05
53400 5.221e-05
53450 -6.579e-05
53500 -1.279e-05
53550 -5.329e-05
53600 8.21e-06
53650 -0.00011729
53700 -1.879e-05
53750 -6.579e-05
53800 3.721e-05
53850 3.721e-05
53900 -6.379e-05
53950 -5.779e-05
54000 2.771e-05
54050 -0.00014529
54100 2.271e-05
54150 2.371e-05
54200 -0.00014579
54250 0.00014971
54300 -6.829e-05
54350 5.171e-05
54400 -6.829e-05
54450 -4.929e-05
54500 6.521e-05
54550 2.271e-05
54600 6.921e-05
54650 0.00016121
54700 2.571e-05
54750 -1.729e-05
54800 2.071e-05
54850 -0.00012929
54900 -5.329e-05
54950 3.721e-05
55000 3.721e-05
55050 8.771e-05
55100 0.00014971
55150 -6.929e-05
55200 -0.00012929
55250 0.00016121
55300 -1.279e-05
55350 -0.00014529
55400 -4.929e-05
55450 -6.829e-05
55500 -0.00012729
55550 0.00013071
55600 -6.929e-05
55650 0.00010121
55700 -0.00012429
55750 0.00015421
55800 2.821e-05
55850 -7.279e-05
55900 -0.00013529
55950 -4.579e-05
56000 -8.29e-06
56050 -8.079e-05
56100 -0.00011729
56150 0.00016971
56200 0.00019821
56250 3.071e-05
56300 0.00014421
56350 -0.00011929
56400 -0.00018329
56450 -7.279e-05
56500 2.771e-05
56550 -3.29e-06
56600 0.00014421
56650 -0.00011729
56700 -3.929e-05
56750 7.71e-06
56800 0.00010721
56850 -0.00011929
56900 1.071e-05
56950 -7.279e-05
57000 0.00017371
57050 4.321e-05
57100 2.271e-05
57150 -0.00012929
57200 3.721e-05
57250 0.00019521
57300 -0.00012679
57350 -5.329e-05
57400 5.171e-05
57450 -1.929e-05
57500 -0.00013529
57550 2.571e-05
57600 -0.00011829
57650 0.00015421
57700 -4.929e-05
57750 6.921e-05
57800 2.771e-05
57850 -0.00012729
57900 -8.29e-06
57950 2.371e-05
58000 6.521e-05
58050 1.071e-05
58100 7.1e-07
58150 0.00019521
58200 -2.779e-05
58250 0.00019821
58300 8.771e-05
58350 2.571e-05
58400 0.00016971
58450 1.771e-05
58500 -3.479e-05
58550 -5.029e-05
58600 7.1e-07
58650 -8.29e-06
58700 0.00019521
58750 5.571e-05
58800 -3.29e-06
58850 7.71e-06
58900 -6.929e-05
58950 -8.079e-05
59000 -0.00014579
59050 -0.00012079
59100 2.571e-05
59150 8.771e-05
59200 -1.279e-05
59250 -3.29e-06
59300 -0.00014579
59350 -5.779e-05
59400 8.421e-05
59450 -0.00016029
59500 6.521e-05
59550 -3.779e-05
59600 -0.00016029
59650 0.00010721
59700 -0.00016029
59750 -4.579e-05
59800 5.221e-05
59850 -0.00011829
59900 -0.00011729
59950 2.571e-05
60000 -3.479e-05
60050 6.921e-05
60100 7.371e-05
60150 0.00014421
60200 3.721e-05
60250 -1.279e-05
60300 2.071e-05
60350 8.771e-05
60400 -6.929e-05
60450 -0.00016029
60500 7.71e-06
60550 0.00012871
60600 -8.29e-06
60650 -1.279e-05
60700 5.571e-05
60750 -0.00012429
60800 -0.00012479
60850 -0.00017679
60900 5.21e-06
60950 2.071e-05
61000 -0.00017679
61050 0.00017371
61100 6.521e-05
61150 0.00019821
61200 -0.00012879
61250 -3.779e-05
61300 -0.00017379
61350 -0.00011729
61400 0.00017371
61450 5.221e-05
61500 0.00012371
61550 0.00010721
61600 -0.00014529
61650 0.00017671
61700 -4.579e-05
61750 2.271e-05
61800 -0.00014529
61850 6.921e-05
61900 -2.779e-05
61950 -6.829e-05
62000 0.00013071
62050 2.271e-05
62100 2.071e-05
62150 0.00016971
62200 -3.779e-05
62250 -0.00018329
62300 -0.00014579
62350 -1.729e-05
62400 -4.579e-05
62450 -0.00013729
62500 1.771e-05
62550 -5.329e-05
62600 -0.00013529
62650 -1.879e-05
62700 0.00017371
62750 0.00017371
62800 -0.00011729
62850 -4.929e-05
62900 0.00019821
62950 -9.829e-05
63000 2.271e-05
63050 -5.779e-05
63100 0.00017371
63150 -1.879e-05
63200 7.1e-07
63250 -8.29e-06
63300 3.721e-05
63350 -1.279e-05
63400 -1.879e-05
63450 -0.00012879
63500 1.071e-05
63550 -0.00016029
63600 5.221e-05
63650 6.921e-05
63700 2.271e-05
63750 8.421e-05
63800 0.00010121
63850 2.771e-05
63900 -6.829e-05
63950 2.771e-05
64000 -1.879e-05
64050 2.771e-05
64100 1.371e-05
64150 -0.00012479
64200 0.00017671
64250 0.00017371
64300 7.371e-05
64350 -2.779e-05
64400 -1.279e-05
64450 4.321e-05
64500 2.271e-05
64550 0.00019521
64600 -0.00017379
64650 7.71e-06
64700 -0.00011929
64750 -0.00013729
64800 -9.829e-05
64850 -0.00017379
64900 6.521e-05
64950 2.821e-05
65000 -0.00012479
65050 4.321e-05
65100 7.371e-05
65150 -8.929e-05
65200 7.371e-05
65250 5.221e-05
65300 -1.279e-05
65350 2.771e-05
65400 8.771e-05
65450 -6.829e-05
65500 5.571e-05
65550 4.321e-05
65600 6.521e-05
65650 2.771e-05
65700 2.271e-05
65750 0.00017671
65800 5.471e-05
65850 -0.00011829
65900 2.821e-05
65950 0.00013071
66000 2.571e-05
66050 -0.00014579
66100 -0.00011729
66150 -0.00014529
66200 0.00013071
66250 -3.229e-05
66300 -0.00012879
66350 2.571e-05
66400 4.321e-05
66450 3.771e-05
66500 4.321e-05
66550 8.421e-05
66600 -4.579e-05
66650 0.00015421
66700 -0.00012479
66750 2.771e-05
66800 0.00013071
66850 2.071e-05
66900 -3.479e-05
66950 -6.929e-05
67000 2.271e-05
67050 6.521e-05
67100 6.521e-05
67150 -0.00013529
67200 0.00014971
67250 -4.929e-05
67300 5.171e-05
67350 -0.00011829
67400 0.00013071
67450 4.321e-05
67500 -3.479e-05
67550 6.921e-05
67600 -0.00012729
67650 2.271e-05
67700 0.00013071
67750 -2.779e-05
67800 -0.00012429
67850 0.00014421
67900 4.321e-05
67950 0.00015421
68000 -6.929e-05
68050 5.221e-05
68100 5.121e-05
68150 2.821e-05
68200 -4.579e-05
68250 2.771e-05
68300 5.571e-05
68350 -0.00017379
68400 7.1e-07
68450 6.521e-05
68500 -0.00011929
68550 4.321e-05
68600 5.121e-05
68650 -8.929e-05
68700 -3.929e-05
68750 8.21e-06
68800 2.271e-05
68850 -3.229e-05
68900 -2.779e-05
68950 7.1e-07
69000 -1.729e-05
69050 -0.00015979
69100 -1.279e-05
69150 0.00019321
69200 2.571e-05
69250 0.00019321
69300 -5.329e-05
69350 -4.579e-05
69400 4.321e-05
69450 -5.329e-05
69500 -0.00012079
69550 -0.00012429
69600 0.00016971
69650 -6.379e-05
69700 -1.279e-05
69750 -0.00011729
69800 -0.00011829
69850 -0.00011929
69900 0.00017371
69950 -0.00012429
70000 9.221e-05
70050 -0.00012429
70100 2.371e-05
70150 7.1e-07
70200 -3.229e-05
70250 -6.579e-05
70300 4.321e-05
70350 0.00010721
70400 0.00019821
70450 -3.929e-05
70500 0.00015421
70550 0.00012921
70600 9.221e-05
70650 8.21e-06
70700 -0.00015979
70750 5.121e-05
70800 2.071e-05
70850 -0.00012429
70900 6.521e-05
70950 -0.00014579
71000 0.00013071
71050 2.271e-05
71100 -0.00011929
71150 8.421e-05
71200 5.221e-05
71250 0.00017371
71300 0.00012371
71350 -0.00011729
71400 -6.579e-05
71450 0.00016971
71500 -4.579e-05
71550 -5.779e-05
71600 -0.00012079
71650 -0.00017679
71700 0.00019521
71750 5.471e-05
71800 -4.929e-05
71850 7.71e-06
71900 8.21e-06
71950 -0.00012079
72000 -9.829e-05
72050 -3.029e-05
72100 -0.00014529
72150 0.00014421
72200 9.221e-05
72250 0.00019521
72300 -3.229e-05
72350 -6.379e-05
72400 5.471e-05
72450 5.21e-06
72500 2.771e-05
72550 -4.579e-05
72600 -2.779e-05
72650 3.771e-05
72700 8.21e-06
72750 -0.00012729
72800 -0.00017679
72850 -3.29e-06
72900 -6.379e-05
72950 -8.079e-05
73000 0.00012871
73050 6.521e-05
73100 1.771e-05
73150 -0.00014529
73200 3.771e-05
73250 -5.779e-05
73300 8.21e-06
73350 9.221e-05
73400 1.771e-05
73450 -3.029e-05
73500 -0.00014579
73550 -3.779e-05
73600 -5.329e-05
73650 1.071e-05
73700 -9.829e-05
73750 4.321e-05
73800 5.21e-06
73850 6.521e-05
73900 0.00019821
73950 -3.929e-05
74000 -3.029e-05
74050 0.00014421
74100 2.271e-05
74150 -0.00012079
74200 -0.00012879
74250 7.1e-07
74300 0.00012871
74350 6.921e-05
74400 4.321e-05
74450 -0.00012679
74500 3.721e-05
74550 -1.929e-05
74600 -8.929e-05
74650 -3.229e-05
74700 0.00017671
74750 -3.229e-05
74800 2.571e-05
74850 -8.29e-06
74900 3.771e-05
74950 5.21e-06
75000 -6.579e-05
75050 -0.00017379
75100 5.21e-06
75150 8.771e-05
75200 -0.00012079
75250 0.00019321
75300 1.371e-05
75350 -8.929e-05
75400 -5.329e-05
75450 -0.00012679
75500 -8.929e-05
75550 -0.00014579
75600 -1.279e-05
75650 -0.00014579
75700 3.071e-05
75750 3.771e-05
75800 -0.00013729
75850 5.471e-05
75900 2.071e-05
75950 -5.329e-05
76000 -5.779e-05
76050 -8.29e-06
76100 2.371e-05
76150 -0.00012679
76200 -4.929e-05
76250 2.571e-05
76300 -1.879e-05
76350 2.071e-05
76400 -5.779e-05
76450 -3.029e-05
76500 -4.579e-05
76550 2.271e-05
76600 -5.329e-05
76650 -0.00012729
76700 -0.00013529
76750 -0.00015979
76800 0.00016971
76850 -4.579e-05
76900 2.571e-05
76950 -6.579e-05
77000 1.071e-05
77050 -0.00014529
77100 -1.279e-05
77150 -0.00012479
77200 8.421e-05
77250 -0.00017379
77300 2.771e-05
77350 3.371e-05
77400 8.21e-06
77450 -6.829e-05
77500 -9.829e-05
77550 3.371e-05
77600 -8.929e-05
77650 -0.00012879
77700 3.771e-05
77750 0.00012921
77800 1.071e-05
77850 2.571e-05
77900 -6.929e-05
77950 -6.379e-05
78000 0.00016121
78050 2.771e-05
78100 0.00014421
78150 -0.00012479
78200 6.521e-05
78250 0.00019521
78300 0.00010721
78350 -0.00015979
78400 2.271e-05
78450 0.00017371
78500 -2.779e-05
78550 -1.879e-05
78600 0.00016971
78650 0.00015421
78700 -4.929e-05
78750 -6.829e-05
78800 8.771e-05
78850 0.00013071
78900 -0.00014529
78950 0.00013071
79000 -0.00011929
79050 -8.929e-05
79100 2.271e-05
79150 2.271e-05
79200 -0.00013529
79250 -1.879e-05
79300 -0.00012679
79350 0.00019321
79400 -0.00014579
79450 -0.00012429
79500 5.471e-05
79550 0.00017371
79600 -0.00013729
79650 0.00019521
79700 6.921e-05
79750 -5.029e-05
79800 -3.29e-06
79850 6.921e-05
79900 0.00014971
79950 -4.579e-05
80000 -1.279e-05
80050 0.00019321
80100 -2.779e-05
80150 -0.00014579
80200 -1.279e-05
80250 1.071e-05
80300 5.571e-05
80350 -0.00012079
80400 5.571e-05
80450 2.071e-05
80500 -5.779e-05
80550 -0.00011729
80600 -0.00011729
80650 -1.879e-05
80700 -0.00012079
80750 -3.029e-05
80800 8.771e-05
80850 0.00016121
80900 -0.00017379
80950 -0.00011729
81000 0.00016121
81050 0.00019821
81100 -8.929e-05
81150 2.821e-05
81200 0.00016121
81250 1.371e-05
81300 5.171e-05
81350 -6.829e-05
81400 -3.779e-05
81450 1.371e-05
81500 2.771e-05
81550 -6.829e-05
81600 -7.279e-05
81650 4.321e-05
81700 -0.00018329
81750 -6.829e-05
81800 0.00012871
81850 2.271e-05
81900 -5.029e-05
81950 7.71e-06
82000 3.721e-05
82050 -1.729e-05
82100 0.00019821
82150 7.1e-07
82200 2.771e-05
82250 -5.329e-05
82300 0.00012921
82350 0.00012921
82400 -0.00015979
82450 -0.00014529
82500 -6.929e-05
82550 -3.229e-05
82600 3.371e-05
82650 -0.00011829
82700 -0.00012429
82750 -8.929e-05
82800 6.921e-05
82850 -7.279e-05
82900 2.371e-05
82950 0.00012921
83000 8.421e-05
83050 -5.329e-05
83100 -0.00011929
83150 -6.929e-05
83200 -5.329e-05
83250 -6.379e-05
83300 0.00017371
83350 0.00010721
83400 0.00010721
83450 -5.029e-05
83500 -0.00013729
83550 2.271e-05
83600 5.21e-06
83650 2.571e-05
83700 2.271e-05
83750 -5.779e-05
83800 -0.00012429
83850 5.571e-05
83900 -0.00012079
83950 6.921e-05
84000 4.321e-05
84050 -8.079e-05
84100 5.471e-05
84150 -4.929e-05
84200 -6.379e-05
84250 -0.00012479
84300 2.271e-05
84350 -8.29e-06
84400 -0.00012879
84450 3.721e-05
84500 -0.00015979
84550 0.00019521
84600 -0.00011729
84650 0.00012921
84700 -0.00011729
84750 -9.829e-05
84800 -0.00014529
84850 6.921e-05
84900 4.321e-05
84950 5.121e-05
85000 -1.879e-05
85050 -0.00012679
85100 -0.00012729
85150 5.21e-06
85200 -8.079e-05
85250 0.00019521
85300 -9.829e-05
85350 -0.00018329
85400 0.00016121
85450 0.00019821
85500 2.571e-05
85550 -1.279e-05
85600 0.00010121
85650 5.571e-05
85700 -0.00013529
85750 -3.029e-05
85800 -0.00012679
85850 -6.829e-05
85900 4.321e-05
85950 -4.929e-05
86000 7.71e-06
86050 8.771e-05
86100 -4.929e-05
86150 -3.779e-05
86200 3.721e-05
86250 7.371e-05
86300 -0.00016029
86350 2.271e-05
86400 -0.00012679
86450 6.921e-05
86500 -0.00012729
86550 -1.879e-05
86600 -0.00017379
86650 0.00016971
86700 0.00019521
86750 4.321e-05
86800 2.571e-05
86850 -5.779e-05
86900 6.921e-05
86950 -1.879e-05
87000 3.721e-05
87050 -5.029e-05
87100 5.121e-05
87150 0.00017671
87200 5.221e-05
87250 -3.229e-05
87300 0.00017371
87350 6.521e-05
87400 -4.579e-05
87450 -0.00011929
87500 -3.779e-05
87550 0.00019521
87600 7.71e-06
87650 -0.00016029
87700 8.771e-05
87750 -6.829e-05
87800 -5.329e-05
87850 0.00014971
87900 -1.729e-05
87950 0.00019521
88000 2.821e-05
88050 0.00019521
88100 -2.779e-05
88150 -0.00012729
88200 7.71e-06
88250 0.00016121
88300 2.371e-05
88350 -7.279e-05
88400 -3.929e-05
88450 -4.579e-05
88500 -0.00013529
88550 1.071e-05
88600 0.00013071
88650 0.00010721
88700 0.00016121
88750 2.271e-05
88800 -4.929e-05
88850 -4.579e-05
88900 -0.00016029
88950 -3.229e-05
89000 -1.279e-05
89050 0.00013071
89100 -0.00016029
89150 2.271e-05
89200 5.571e-05
89250 -9.829e-05
89300 -0.00012729
89350 7.1e-07
89400 -1.879e-05
89450 -0.00014529
89500 6.921e-05
89550 -6.929e-05
89600 -8.29e-06
89650 5.21e-06
89700 2.571e-05
89750 0.00012371
89800 2.771e-05
89850 -4.579e-05
89900 1.071e-05
89950 -9.829e-05
90000 6.921e-05
90050 -3.479e-05
90100 -6.929e-05
90150 0.00016971
90200 -6.579e-05
90250 3.371e-05
90300 6.921e-05
90350 2.571e-05
90400 4.321e-05
90450 -4.929e-05
90500 -5.779e-05
90550 -0.00012679
90600 2.271e-05
90650 1.771e-05
90700 7.71e-06
90750 -6.829e-05
90800 6.521e-05
90850 -1.279e-05
90900 -0.00013729
90950 -0.00012929
91000 5.121e-05
91050 5.471e-05
91100 -3.029e-05
91150 -0.00013529
91200 0.00014421
91250 7.1e-07
91300 -1.929e-05
91350 -0.00012729
91400 0.00014421
91450 -0.00012729
91500 5.221e-05
91550 5.21e-06
91600 7.1e-07
91650 0.00012371
91700 -5.029e-05
91750 -6.379e-05
91800 -3.229e-05
91850 5.571e-05
91900 0.00019321
91950 -0.00011929
92000 -6.829e-05
92050 -0.00018329
92100 -6.579e-05
92150 -3.229e-05
92200 3.721e-05
92250 4.321e-05
92300 3.771e-05
92350 0.00019521
92400 2.771e-05
92450 5.221e-05
92500 -0.00014529
92550 0.00013071
92600 -0.00011829
92650 2.571e-05
92700 0.00014421
92750 4.321e-05
92800 4.321e-05
92850 -0.00011829
92900 1.771e-05
92950 -1.929e-05
93000 -0.00012879
93050 -8.079e-05
93100 0.00019821
93150 -5.329e-05
93200 -0.00014529
93250 -0.00017679
93300 -8.929e-05
93350 -5.329e-05
93400 4.321e-05
93450 6.921e-05
93500 -0.00012729
93550 -2.779e-05
93600 0.00017371
93650 7.371e-05
93700 -2.779e-05
93750 -6.379e-05
93800 5.21e-06
93850 8.771e-05
93900 7.371e-05
93950 -5.029e-05
94000 -6.829e-05
94050 2.071e-05
94100 0.00012871
94150 0.00019821
94200 0.00017671
94250 -5.029e-05
94300 0.00016971
94350 3.071e-05
94400 -0.00011729
94450 -3.779e-05
94500 -0.00014529
94550 3.771e-05
94600 2.371e-05
94650 2.271e-05
94700 8.21e-06
94750 0.00017671
94800 3.771e-05
94850 -3.29e-06
94900 0.00017371
94950 7.1e-07
95000 -0.00017679
95050 0.00015421
95100 -3.29e-06
95150 -6.929e-05
95200 -4.579e-05
95250 2.571e-05
95300 -3.229e-05
95350 -0.00012929
95400 -8.29e-06
95450 2.071e-05
95500 -5.029e-05
95550 0.00019321
95600 -8.079e-05
95650 -3.779e-05
95700 -3.929e-05
95750 -0.00014529
95800 -0.00017379
95850 -0.00011729
95900 -0.00011829
95950 -0.00012879
96000 3.771e-05
96050 2.821e-05
96100 -8.079e-05
96150 3.071e-05
96200 -6.579e-05
96250 1.071e-05
96300 -8.929e-05
96350 -5.329e-05
96400 -0.00012079
96450 9.221e-05
96500 6.921e-05
96550 0.00015421
96600 -0.00014529
96650 -0.00013529
96700 -0.00016029
96750 0.00012371
96800 2.571e-05
96850 -8.29e-06
96900 -0.00017379
96950 5.121e-05
97000 -9.829e-05
97050 2.071e-05
97100 3.371e-05
97150 -0.00018329
97200 5.21e-06
97250 -1.279e-05
97300 -0.00012429
97350 -6.929e-05
97400 -4.929e-05
97450 -0.00017679
97500 0.00010721
97550 -0.00014529
97600 2.071e-05
97650 8.421e-05
97700 0.00017371
97750 5.21e-06
97800 5.221e-05
97850 -0.00013729
97900 0.00017371
97950 -3.229e-05
98000 7.71e-06
98050 -4.579e-05
98100 2.271e-05
98150 0.00017671
98200 2.771e-05
98250 6.921e-05
98300 -9.829e-05
98350 -0.00012429
98400 2.271e-05
98450 2.371e-05
98500 -6.929e-05
98550 -2.779e-05
98600 -5.029e-05
98650 1.071e-05
98700 5.571e-05
98750 4.321e-05
98800 -0.00017379
98850 0.00019821
98900 0.00019321
98950 -0.00012729
99000 8.21e-06
99050 6.921e-05
99100 -3.229e-05
99150 -6.579e-05
99200 -0.00014579
99250 2.821e-05
99300 2.271e-05
99350 7.71e-06
99400 3.071e-05
99450 9.221e-05
99500 0.00019521
99550 6.921e-05
99600 5.221e-05
99650 7.1e-07
99700 -3.479e-05
99750 2.821e-05
99800 2.271e-05
99850 3.071e-05
99900 -3.779e-05
99950 4.321e-05
