0 -0.000394991
50 -0.000102912
100 -6.16098e-05
150 -0.000538807
200 0.000148326
250 -0.000512931
300 -0.000340291
350 -0.000558953
400 -2.91603e-05
450 4.22378e-05
500 -5.75665e-05
550 -6.16098e-05
600 -0.000335614
650 -0.000350584
700 -0.00059035
750 -7.50189e-05
800 -0.000160534
850 2.59602e-05
900 -0.000102912
950 0.000307954
1000 0.000186974
1050 4.22378e-05
1100 -2.50205e-05
1150 -2.3209e-05
1200 -0.00035196
1250 -6.99673e-05
1300 -0.000809657
1350 -2.50205e-05
1400 0.000186586
1450 0.000165836
1500 0.000617089
1550 4.41454e-05
1600 -0.000350584
1650 -0.000155034
1700 -0.000803278
1750 -5.75665e-05
1800 -0.000280282
1850 6.40897e-05
1900 -2.50205e-05
1950 0.000165836
2000 -0.000160534
2050 0.000564532
2100 -0.000280782
2150 0.000165836
2200 0.000807931
2250 -0.000394991
2300 -0.000323393
2350 -0.000118851
2400 -0.000720579
2450 -0.00059035
2500 -0.000280282
2550 9.16315e-05
2600 0.000483806
2650 -0.000335614
2700 -2.91603e-05
2750 0.000495182
2800 -2.50205e-05
2850 0.000669308
2900 -8.11762e-05
2950 -0.000196756
3000 0.000617089
3050 -8.11762e-05
3100 0.000807931
3150 -3.56091e-05
3200 0.000186974
3250 0.000483806
3300 0.000899834
3350 0.000564532
3400 0.000752015
3450 0.000495182
3500 0.000700895
3550 -0.000156772
3600 -0.000141196
3650 -0.000814549
3700 -0.000280782
3750 -5.89146e-05
3800 0.000351755
3850 -0.000323393
3900 -0.000141196
3950 -0.000382379
4000 0.000474569
4050 -0.000335614
4100 0.00030607
4150 -0.000477403
4200 0.000821397
4250 -0.000193051
4300 2.59602e-05
4350 9.16315e-05
4400 -0.000199772
4450 0.000752015
4500 -0.000490923
4550 0.000369932
4600 -0.000470487
4650 -4.00377e-05
4700 -0.000273244
4750 -0.000160534
4800 0.000530129
4850 -6.99673e-05
4900 0.000221029
4950 -4.00377e-05
5000 -0.000323393
5050 -0.000490923
5100 0.000307954
5150 0.000386105
5200 -0.00048688
5250 6.56047e-05
5300 -2.3209e-05
5350 -0.000199772
5400 -0.000171437
5450 0.00024269
5500 0.000722985
5550 0.000369932
5600 0.000483806
5650 0.000585899
5700 0.000802981
5750 -6.99673e-05
5800 -0.000809657
5850 -0.000160534
5900 -0.000340291
5950 -0.000273244
6000 -0.000326566
6050 -5.75665e-05
6100 -0.000720579
6150 -0.000291111
6200 -2.3209e-05
6250 0.000165836
6300 0.000530129
6350 0.000552972
6400 0.000564532
6450 -0.000102912
6500 -0.000196756
6550 -0.000427281
6600 6.40897e-05
6650 0.000821397
6700 0.00024269
6750 -0.000477403
6800 9.16315e-05
6850 0.000955342
6900 -0.000470487
6950 0.000186586
7000 -0.000803278
7050 -6.16098e-05
7100 -0.000156772
7150 -7.50189e-05
7200 -2.3209e-05
7250 9.16315e-05
7300 -7.50189e-05
7350 0.000351755
7400 0.000955342
7450 0.000369932
7500 0.000221029
7550 -0.000124694
7600 -7.50189e-05
7650 0.000257909
7700 6.40897e-05
7750 -4.00377e-05
7800 -0.00035196
7850 -0.000394991
7900 -0.000280782
7950 -0.0011982
8000 0.000369932
8050 -0.000199772
8100 -0.000102912
8150 -0.000193051
8200 -0.000720579
8250 -0.000160534
8300 -7.50189e-05
8350 -0.000156772
8400 9.16315e-05
8450 -2.3209e-05
8500 -0.000350584
8550 -0.000394991
8600 -0.000720579
8650 -5.75665e-05
8700 -0.000193051
8750 -0.000809657
8800 0.000140748
8850 0.000700895
8900 -0.000263692
8950 -0.0011982
9000 -6.99673e-05
9050 0.000483806
9100 0.000661243
9150 0.000227413
9200 -0.000280782
9250 -0.000335614
9300 -0.000323393
9350 0.0001576
9400 0.000661243
9450 -0.000118851
9500 0.000530129
9550 -0.000124694
9600 -0.000124694
9650 0.000369932
9700 -0.000394991
9750 -0.000280782
9800 0.000661243
9850 -0.000156772
9900 -0.000273244
9950 0.000257909
10000 0.000305001
10050 0.000305001
10100 0.000495182
10150 0.000140748
10200 -3.56091e-05
10250 -0.000280782
10300 -0.000141196
10350 -0.00059035
10400 2.59602e-05
10450 0.000530129
10500 0.000460289
10550 0.000722985
10600 0.000369932
10650 4.22378e-05
10700 0.000802981
10750 9.16315e-05
10800 -0.000335614
10850 0.000821397
10900 0.000752015
10950 0.000669308
11000 0.000802981
11050 0.000617089
11100 -0.000803278
11150 -0.000141196
11200 -5.75665e-05
11250 0.000148326
11300 -0.00106535
11350 -0.0011982
11400 0.000205231
11450 0.000305001
11500 0.000460289
11550 0.000460289
11600 -0.000461938
11650 -0.000164811
11700 -5.71865e-05
11750 -0.000538807
11800 -0.000814549
11850 0.000474569
11900 0.00030607
11950 0.000351755
12000 0.000700895
12050 0.000585899
12100 0.000572779
12150 0.000802981
12200 -0.0011982
12250 -0.000529407
12300 -0.000558953
12350 -6.16098e-05
12400 -0.000280282
12450 0.000483806
12500 0.000386105
12550 -0.000199772
12600 -0.000193051
12650 0.000495182
12700 0.000802981
12750 -0.000291111
12800 0.000307954
12850 -0.000335614
12900 -0.0011982
12950 -0.000164811
13000 0.000369932
13050 0.000552972
13100 0.000165836
13150 0.00030607
13200 0.000530129
13250 -0.000280282
13300 -0.000394991
13350 0.000495182
13400 -0.000477403
13450 -0.00048688
13500 -3.56091e-05
13550 0.000530129
13600 0.000899834
13650 -0.000323393
13700 2.59602e-05
13750 -0.000803278
13800 -0.000809657
13850 -0.000720579
13900 0.000305001
13950 -0.000102912
14000 -0.000477403
14050 -0.000538807
14100 0.000669308
14150 -3.1873e-05
14200 -0.000350584
14250 0.000305001
14300 0.000564532
14350 -0.000803278
14400 0.000227413
14450 -0.000323393
14500 -0.000461938
14550 -5.75665e-05
14600 -0.000335614
14650 0.000617089
14700 -0.000394991
14750 -0.000427281
14800 -0.000720579
14850 -0.000164811
14900 -3.56091e-05
14950 -5.89146e-05
15000 -2.91603e-05
15050 -0.000155034
15100 -0.000470487
15150 -0.000291111
15200 0.000572779
15250 9.16315e-05
15300 4.22378e-05
15350 -0.00059035
15400 -0.000538807
15450 -0.000291111
15500 0.000572779
15550 0.000369932
15600 -2.50205e-05
15650 -7.50189e-05
15700 0.000307954
15750 0.000955342
15800 0.000221029
15850 -0.000340291
15900 -2.50205e-05
15950 9.16315e-05
16000 0.00024269
16050 -0.000102912
16100 -0.000470487
16150 0.000227413
16200 -0.000814549
16250 4.22378e-05
16300 -0.000461938
16350 -6.16098e-05
16400 -0.000196756
16450 0.000722985
16500 0.000807931
16550 -0.000720579
16600 0.000221029
16650 0.000722985
16700 0.000140748
16750 0.000460289
16800 -0.000803278
16850 0.000227413
16900 0.000227413
16950 -0.000529407
17000 0.000564532
17050 -5.75665e-05
17100 -0.000326566
17150 -6.16098e-05
17200 6.56047e-05
17250 -0.000141196
17300 4.41454e-05
17350 -5.75665e-05
17400 0.000495182
17450 -0.000102912
17500 -0.000156772
17550 -0.000273244
17600 -5.75665e-05
17650 0.000140748
17700 6.40897e-05
17750 -0.000809657
17800 0.000186586
17850 6.56047e-05
17900 -3.56091e-05
17950 0.000564532
18000 -3.1873e-05
18050 -0.000199772
18100 -6.99673e-05
18150 -0.000720579
18200 -0.000193051
18250 0.000661243
18300 -2.91603e-05
18350 0.000807931
18400 0.000807931
18450 -0.00106535
18500 -0.000118851
18550 -0.000280282
18600 -0.00048688
18650 -4.00377e-05
18700 0.000227413
18750 -5.71865e-05
18800 0.000807931
18850 0.000617089
18900 -3.1873e-05
18950 -0.000199772
19000 4.22378e-05
19050 -0.000263692
19100 0.000186586
19150 0.000495182
19200 -2.3209e-05
19250 -0.000558953
19300 -0.00048688
19350 -0.00106535
19400 -3.1873e-05
19450 -5.75665e-05
19500 -0.000335614
19550 -0.000470487
19600 -0.000350584
19650 -0.000193051
19700 -0.000381604
19750 -0.000558953
19800 -0.000102912
19850 -0.00059035
19900 9.16315e-05
19950 0.000802981
20000 -0.000461938
20050 -0.000394991
20100 -0.000394991
20150 -0.000193051
20200 0.0001576
20250 0.000807931
20300 -3.1873e-05
20350 -0.00059035
20400 0.000752015
20450 -0.000803278
20500 0.000165836
20550 -0.000326566
20600 -6.99673e-05
20650 -0.000477403
20700 -0.000394991
20750 -2.91603e-05
20800 6.40897e-05
20850 -0.000280782
20900 -6.16098e-05
20950 0.000221029
21000 -4.00377e-05
21050 0.000397303
21100 -7.50189e-05
21150 0.000148326
21200 6.56047e-05
21250 0.000257909
21300 -0.000291111
21350 -0.000196756
21400 0.00024269
21450 0.000474569
21500 -0.000803278
21550 -0.000512931
21600 -0.0011982
21650 -0.000291111
21700 -0.000280782
21750 -5.71865e-05
21800 -0.000382379
21850 0.000186974
21900 0.000802981
21950 0.000148326
22000 -0.000477403
22050 9.16315e-05
22100 0.000307954
22150 -0.00035196
22200 -5.75665e-05
22250 0.000617089
22300 0.000227413
22350 -0.000160534
22400 -0.000529407
22450 -7.50189e-05
22500 -0.000382379
22550 -0.000263692
22600 -0.000382379
22650 0.000165836
22700 4.22378e-05
22750 -2.3209e-05
22800 -0.00048688
22850 -0.000477403
22900 -0.000382379
22950 -2.3209e-05
23000 -0.000512931
23050 0.000752015
23100 -2.3209e-05
23150 -0.000340291
23200 -0.000512931
23250 0.000700895
23300 0.000585899
23350 -0.000382379
23400 -0.000529407
23450 0.000307954
23500 -0.000477403
23550 -6.16098e-05
23600 0.000669308
23650 0.000369932
23700 -2.3209e-05
23750 0.000821397
23800 -0.000118851
23850 0.000669308
23900 0.000140748
23950 -0.000160534
24000 0.000186974
24050 -0.000199772
24100 -0.0011982
24150 0.000955342
24200 -0.000512931
24250 0.000585899
24300 0.000307954
24350 -3.56091e-05
24400 0.000617089
24450 0.000186974
24500 -0.000193051
24550 -5.75665e-05
24600 -0.000196756
24650 4.22378e-05
24700 0.00024269
24750 0.000669308
24800 -3.56091e-05
24850 -0.000164811
24900 4.22378e-05
24950 0.000369932
25000 0.000148326
25050 -3.1873e-05
25100 -0.000427281
25150 -0.000124694
25200 -0.000124694
25250 -0.000141196
25300 -6.99673e-05
25350 -0.000490923
25400 -6.99673e-05
25450 0.000397303
25500 -0.000809657
25550 -5.89146e-05
25600 0.000495182
25650 0.000552972
25700 -7.50189e-05
25750 0.000460289
25800 0.000305001
25850 -0.000477403
25900 -6.16098e-05
25950 9.16315e-05
26000 0.000460289
26050 -0.000558953
26100 -0.00048688
26150 -0.00035196
26200 -2.50205e-05
26250 -4.00377e-05
26300 0.000495182
26350 6.56047e-05
26400 0.000752015
26450 -0.000461938
26500 0.000148326
26550 0.000617089
26600 0.000821397
26650 0.000752015
26700 0.000661243
26750 -0.000196756
26800 -0.000160534
26850 -0.00035196
26900 0.000661243
26950 9.16315e-05
27000 -0.000280282
27050 -0.000381604
27100 0.000530129
27150 -0.00059035
27200 -0.000156772
27250 -0.000512931
27300 -0.000171437
27350 -0.00048688
27400 -0.000323393
27450 -0.000160534
27500 -0.000291111
27550 0.000572779
27600 -5.71865e-05
27650 -0.000124694
27700 -0.000199772
27750 0.000564532
27800 0.000305001
27850 0.000752015
27900 -0.000814549
27950 -0.000477403
28000 -0.000558953
28050 0.000955342
28100 -0.000193051
28150 0.00030607
28200 0.000585899
28250 -0.000382379
28300 -0.0011982
28350 -0.000141196
28400 -0.000160534
28450 -0.000381604
28500 4.22378e-05
28550 -7.50189e-05
28600 -0.000461938
28650 -0.000118851
28700 -7.50189e-05
28750 -0.00048688
28800 -0.00035196
28850 -0.000141196
28900 4.41454e-05
28950 -0.000394991
29000 -0.000382379
29050 -0.000814549
29100 -5.71865e-05
29150 0.000530129
29200 0.000661243
29250 -0.000280282
29300 -0.000291111
29350 0.000617089
29400 -0.000477403
29450 -0.000196756
29500 0.000397303
29550 0.000186586
29600 0.000386105
29650 -0.000280282
29700 -3.56091e-05
29750 -0.000280782
29800 0.000386105
29850 0.000460289
29900 -0.000382379
29950 0.000802981
30000 -2.91603e-05
30050 -0.000477403
30100 -0.000291111
30150 0.000802981
30200 0.000661243
30250 -0.000350584
30300 6.40897e-05
30350 -0.000809657
30400 -7.50189e-05
30450 9.16315e-05
30500 -0.000477403
30550 0.000617089
30600 -0.0011982
30650 -7.50189e-05
30700 -0.000124694
30750 0.000351755
30800 0.000564532
30850 -0.00035196
30900 -0.00059035
30950 0.000351755
31000 -6.16098e-05
31050 -0.00035196
31100 -3.1873e-05
31150 0.000617089
31200 0.000351755
31250 -6.99673e-05
31300 -0.00048688
31350 -0.000477403
31400 0.000700895
31450 6.40897e-05
31500 -0.000340291
31550 -0.000381604
31600 -6.99673e-05
31650 0.000807931
31700 -0.000558953
31750 2.59602e-05
31800 -6.16098e-05
31850 -0.000477403
31900 0.000899834
31950 0.000821397
32000 0.000530129
32050 0.000397303
32100 0.000899834
32150 0.000165836
32200 -0.000323393
32250 -0.000720579
32300 0.00024269
32350 0.000752015
32400 4.22378e-05
32450 -5.71865e-05
32500 -0.000470487
32550 4.22378e-05
32600 -0.000340291
32650 -5.89146e-05
32700 0.000186974
32750 0.00030607
32800 -0.000512931
32850 -0.000381604
32900 6.56047e-05
32950 0.000585899
33000 0.000661243
33050 0.0001576
33100 0.000899834
33150 0.000307954
33200 0.00030607
33250 0.00024269
33300 0.000257909
33350 -0.000124694
33400 0.000722985
33450 0.000955342
33500 -6.16098e-05
33550 -0.00035196
33600 0.000700895
33650 0.000186974
33700 0.000140748
33750 0.000227413
33800 0.000221029
33850 -0.000394991
33900 -0.000156772
33950 -0.000124694
34000 -0.000558953
34050 -0.000193051
34100 0.00024269
34150 -0.000291111
34200 6.56047e-05
34250 -0.000280782
34300 0.000802981
34350 0.000386105
34400 0.00030607
34450 -0.000193051
34500 0.0001576
34550 -0.000102912
34600 0.000483806
34650 -0.000118851
34700 -0.000326566
34750 0.000369932
34800 6.56047e-05
34850 -0.000427281
34900 -0.000809657
34950 -8.11762e-05
35000 -0.000558953
35050 9.16315e-05
35100 -0.000382379
35150 -0.000335614
35200 0.000221029
35250 -2.3209e-05
35300 4.22378e-05
35350 0.00024269
35400 -0.000350584
35450 -2.3209e-05
35500 -2.3209e-05
35550 -5.89146e-05
35600 -2.50205e-05
35650 0.000802981
35700 -0.000512931
35750 -0.000141196
35800 -0.000196756
35850 -0.000160534
35900 0.000186586
35950 0.000165836
36000 -0.000814549
36050 -0.000382379
36100 -0.000118851
36150 -8.11762e-05
36200 -0.00048688
36250 0.000802981
36300 0.000700895
36350 -0.00048688
36400 0.000227413
36450 0.000305001
36500 -4.00377e-05
36550 -0.000490923
36600 0.000722985
36650 -0.000529407
36700 -0.000335614
36750 -0.000118851
36800 -0.000470487
36850 -0.000323393
36900 -0.000280282
36950 -0.000381604
37000 -3.56091e-05
37050 0.000807931
37100 -0.000323393
37150 0.000669308
37200 -0.000124694
37250 0.000351755
37300 0.000700895
37350 -0.0011982
37400 0.000585899
37450 -0.000118851
37500 -0.000291111
37550 -0.000394991
37600 -0.000558953
37650 -0.000273244
37700 -0.000490923
37750 0.000807931
37800 -4.00377e-05
37850 -5.71865e-05
37900 -0.000529407
37950 0.000821397
38000 9.16315e-05
38050 0.000807931
38100 -0.000538807
38150 0.000474569
38200 -6.16098e-05
38250 0.000369932
38300 -0.000155034
38350 -3.56091e-05
38400 -3.1873e-05
38450 0.000148326
38500 0.000140748
38550 -0.000477403
38600 -3.56091e-05
38650 -0.00048688
38700 -0.000196756
38750 0.000205231
38800 0.0001576
38850 -8.11762e-05
38900 -0.000141196
38950 0.000495182
39000 -0.000381604
39050 -0.000273244
39100 -0.000814549
39150 -0.000340291
39200 2.59602e-05
39250 0.000564532
39300 -3.1873e-05
39350 -0.000720579
39400 0.000495182
39450 -0.000720579
39500 0.000165836
39550 -5.71865e-05
39600 -5.75665e-05
39650 0.000572779
39700 -5.89146e-05
39750 0.000955342
39800 0.000700895
39850 -0.0011982
39900 0.000661243
39950 0.000257909
40000 -0.000124694
40050 -0.000164811
40100 -0.000382379
40150 9.16315e-05
40200 0.000386105
40250 -3.56091e-05
40300 0.000752015
40350 0.000386105
40400 -0.000340291
40450 -0.000156772
40500 0.000221029
40550 -0.000394991
40600 2.59602e-05
40650 -0.00035196
40700 0.00030607
40750 -0.000196756
40800 0.000165836
40850 -0.000124694
40900 -0.000427281
40950 0.000899834
41000 -0.000160534
41050 0.000397303
41100 -0.000280282
41150 0.000205231
41200 -0.000809657
41250 0.000585899
41300 -5.75665e-05
41350 -3.56091e-05
41400 0.000305001
41450 -7.50189e-05
41500 0.000351755
41550 -2.91603e-05
41600 0.000140748
41650 0.000899834
41700 -0.00048688
41750 -0.000490923
41800 -5.71865e-05
41850 -6.16098e-05
41900 -0.000461938
41950 0.000955342
42000 -6.99673e-05
42050 -7.50189e-05
42100 0.000165836
42150 -0.000529407
42200 -0.000470487
42250 -0.000193051
42300 -0.000340291
42350 -0.00059035
42400 -0.000160534
42450 -0.000273244
42500 0.000140748
42550 0.000617089
42600 0.000722985
42650 -5.71865e-05
42700 0.000483806
42750 0.000661243
42800 0.000955342
42850 0.000148326
42900 0.000802981
42950 -0.000291111
43000 -0.000291111
43050 -0.00106535
43100 -0.000160534
43150 0.000661243
43200 -6.99673e-05
43250 0.000351755
43300 -0.000470487
43350 0.000369932
43400 -2.3209e-05
43450 -0.000323393
43500 9.16315e-05
43550 -0.000470487
43600 -0.00106535
43650 -0.000193051
43700 -0.000381604
43750 0.000483806
43800 0.000397303
43850 0.000369932
43900 -0.0011982
43950 -4.00377e-05
44000 0.000802981
44050 0.000205231
44100 0.000802981
44150 -8.11762e-05
44200 -0.000394991
44250 -5.75665e-05
44300 -0.000124694
44350 0.000307954
44400 -0.000461938
44450 -0.000382379
44500 -0.00059035
44550 -0.000394991
44600 0.000807931
44650 -4.00377e-05
44700 0.000397303
44750 -0.000155034
44800 0.000661243
44850 -0.000809657
44900 -0.000335614
44950 0.000495182
45000 -0.000141196
45050 -0.000155034
45100 0.000530129
45150 -0.000199772
45200 -0.000164811
45250 6.40897e-05
45300 0.000669308
45350 0.000495182
45400 0.000552972
45450 -0.000427281
45500 -0.000102912
45550 0.000564532
45600 -3.1873e-05
45650 0.000227413
45700 -2.3209e-05
45750 -0.000382379
45800 -0.000529407
45850 -0.000803278
45900 -0.000382379
45950 -3.56091e-05
46000 0.000495182
46050 0.000807931
46100 0.000955342
46150 -0.000427281
46200 0.000802981
46250 -0.00048688
46300 0.000722985
46350 -0.000803278
46400 -0.000512931
46450 0.000495182
46500 0.000148326
46550 -0.000529407
46600 0.00030607
46650 0.000305001
46700 0.00030607
46750 -0.00035196
46800 -0.000461938
46850 -4.00377e-05
46900 0.000955342
46950 -7.50189e-05
47000 -0.000155034
47050 -0.000335614
47100 -0.000273244
47150 -0.000193051
47200 0.000955342
47250 0.000474569
47300 4.41454e-05
47350 -0.000461938
47400 -0.000291111
47450 -0.000477403
47500 -6.16098e-05
47550 0.000722985
47600 2.59602e-05
47650 0.000564532
47700 -0.000814549
47750 -3.1873e-05
47800 -0.000350584
47850 0.0001576
47900 -0.000382379
47950 -2.50205e-05
48000 -3.1873e-05
48050 0.000205231
48100 -0.000118851
48150 0.000307954
48200 0.000669308
48250 -0.000323393
48300 0.000807931
48350 0.000307954
48400 -0.000171437
48450 -0.000529407
48500 -0.000124694
48550 0.000564532
48600 0.000669308
48650 -0.000394991
48700 -0.000461938
48750 0.000700895
48800 -5.75665e-05
48850 0.000227413
48900 -5.75665e-05
48950 -0.000809657
49000 -7.50189e-05
49050 -0.000470487
49100 -5.75665e-05
49150 -6.16098e-05
49200 -0.000461938
49250 0.0001576
49300 0.000351755
49350 -0.000141196
49400 0.000386105
49450 0.000722985
49500 -0.000558953
49550 -3.1873e-05
49600 -0.000477403
49650 0.000530129
49700 0.000899834
49750 -0.000529407
49800 4.22378e-05
49850 -2.50205e-05
49900 -0.000512931
49950 -0.000394991
50000 0.000221029
50050 0.000257909
50100 -0.000196756
50150 -0.000273244
50200 -0.000196756
50250 -0.000461938
50300 0.000474569
50350 0.000802981
50400 0.000165836
50450 0.000221029
50500 -0.000280782
50550 0.000495182
50600 -0.000477403
50650 -0.000193051
50700 0.000351755
50750 2.59602e-05
50800 0.000585899
50850 0.000186974
50900 0.0001576
50950 -0.000155034
51000 -0.000720579
51050 0.000955342
51100 -0.000326566
51150 0.000661243
51200 0.000186974
51250 0.000955342
51300 -0.000461938
51350 0.000397303
51400 -0.000558953
51450 0.000397303
51500 -0.000199772
51550 0.000700895
51600 9.16315e-05
51650 0.00030607
51700 -0.000164811
51750 -3.56091e-05
51800 0.000460289
51850 0.000700895
51900 -0.000156772
51950 -0.000124694
52000 -0.000814549
52050 -0.000490923
52100 0.000227413
52150 -0.000382379
52200 -0.000193051
52250 -0.000280782
52300 -0.000490923
52350 -0.000156772
52400 0.000148326
52450 -0.000382379
52500 0.000186586
52550 -0.000193051
52600 9.16315e-05
52650 -0.000382379
52700 -0.000427281
52750 0.000752015
52800 -0.000171437
52850 0.000140748
52900 0.00030607
52950 -0.000490923
53000 -0.000141196
53050 -4.00377e-05
53100 -0.000809657
53150 -8.11762e-05
53200 0.000483806
53250 0.000669308
53300 -5.75665e-05
53350 0.000495182
53400 0.00030607
53450 9.16315e-05
53500 -0.000529407
53550 0.000495182
53600 0.000552972
53650 0.000397303
53700 -0.00048688
53750 0.000669308
53800 -0.00048688
53850 0.000351755
53900 2.59602e-05
53950 0.000397303
54000 0.000369932
54050 -0.000350584
54100 0.000752015
54150 -0.000280282
54200 0.000307954
54250 4.41454e-05
54300 -0.00048688
54350 -0.000102912
54400 0.000572779
54450 -5.71865e-05
54500 0.000140748
54550 -0.000477403
54600 -0.00106535
54650 -0.000814549
54700 2.59602e-05
54750 -0.000155034
54800 -5.89146e-05
54850 0.000397303
54900 -0.000323393
54950 0.000669308
55000 -0.000427281
55050 -0.000809657
55100 0.0001576
55150 9.16315e-05
55200 -0.000323393
55250 0.000821397
55300 -2.50205e-05
55350 -0.000291111
55400 -0.000529407
55450 0.000495182
55500 -0.000326566
55550 -3.56091e-05
55600 0.000221029
55650 -0.000196756
55700 0.000807931
55750 0.000530129
55800 0.000722985
55850 0.000307954
55900 -0.000118851
55950 -0.000164811
56000 0.00024269
56050 -0.000193051
56100 0.000351755
56150 -3.1873e-05
56200 -0.000427281
56250 -0.000102912
56300 -0.000102912
56350 -8.11762e-05
56400 0.000669308
56450 -0.000291111
56500 0.000221029
56550 9.16315e-05
56600 -0.000263692
56650 0.000495182
56700 0.000572779
56750 -2.3209e-05
56800 0.000221029
56850 2.59602e-05
56900 0.000227413
56950 0.000722985
57000 -3.1873e-05
57050 0.000148326
57100 -0.000558953
57150 0.000700895
57200 0.000669308
57250 -0.00048688
57300 0.000186974
57350 0.000669308
57400 -0.000118851
57450 -0.000193051
57500 -0.000155034
57550 -0.000477403
57600 -2.50205e-05
57650 0.000807931
57700 0.000669308
57750 -0.000809657
57800 0.000530129
57850 -0.000155034
57900 0.000955342
57950 -0.000263692
58000 -0.000291111
58050 0.000386105
58100 -0.000381604
58150 -0.00106535
58200 9.16315e-05
58250 -0.000280282
58300 -5.75665e-05
58350 0.000669308
58400 0.000617089
58450 0.000369932
58500 -0.000155034
58550 -0.00035196
58600 -0.000164811
58650 -5.89146e-05
58700 -3.1873e-05
58750 -0.000461938
58800 -0.000470487
58850 -0.000350584
58900 -0.000156772
58950 -0.000155034
59000 0.000752015
59050 -0.000814549
59100 0.000564532
59150 0.000552972
59200 -2.50205e-05
59250 0.000669308
59300 0.000955342
59350 -0.000160534
59400 -0.000427281
59450 -0.00035196
59500 0.000186586
59550 -0.00048688
59600 -0.00106535
59650 9.16315e-05
59700 0.000186586
59750 -0.000160534
59800 -0.000160534
59850 0.000386105
59900 -0.000118851
59950 0.00024269
60000 -5.89146e-05
60050 -0.000160534
60100 0.00030607
60150 -0.000280282
60200 0.000305001
60250 -2.91603e-05
60300 -3.56091e-05
60350 0.000140748
60400 0.00030607
60450 0.000369932
60500 0.000585899
60550 0.000305001
60600 -0.000323393
60650 0.000351755
60700 -0.000538807
60750 0.000386105
60800 0.000530129
60850 -0.000350584
60900 0.000386105
60950 0.000483806
61000 0.000351755
61050 -0.000490923
61100 -0.000199772
61150 -4.00377e-05
61200 -0.00106535
61250 0.000351755
61300 -0.000171437
61350 -0.000490923
61400 -0.000280782
61450 -0.000171437
61500 -5.75665e-05
61550 0.000307954
61600 -0.000470487
61650 0.000307954
61700 -0.000477403
61750 0.000221029
61800 0.000807931
61850 4.22378e-05
61900 0.000483806
61950 0.000552972
62000 -0.000382379
62050 -2.3209e-05
62100 0.000899834
62150 -0.000558953
62200 -0.000141196
62250 0.000899834
62300 0.000397303
62350 0.000564532
62400 -0.000350584
62450 -4.00377e-05
62500 0.000617089
62550 4.22378e-05
62600 0.000752015
62650 -0.000164811
62700 0.00030607
62750 0.000807931
62800 4.22378e-05
62850 -0.000538807
62900 -0.00035196
62950 6.56047e-05
63000 -0.000164811
63050 0.000899834
63100 -5.75665e-05
63150 0.000165836
63200 -3.1873e-05
63250 -6.16098e-05
63300 -0.000263692
63350 0.000807931
63400 -0.000350584
63450 -0.000803278
63500 -0.00048688
63550 0.000585899
63600 0.000955342
63650 -0.000350584
63700 -0.000273244
63750 6.40897e-05
63800 0.000802981
63850 -0.000340291
63900 0.000955342
63950 -3.1873e-05
64000 0.000307954
64050 2.59602e-05
64100 0.000752015
64150 -0.000814549
64200 -0.000809657
64250 -4.00377e-05
64300 -0.000335614
64350 -0.000461938
64400 -0.000102912
64450 -0.000814549
64500 -0.00035196
64550 0.000495182
64600 0.000572779
64650 -0.000160534
64700 -0.000809657
64750 0.000955342
64800 9.16315e-05
64850 0.000585899
64900 0.000572779
64950 -0.000118851
65000 0.000899834
65050 -0.000350584
65100 0.000140748
65150 0.000307954
65200 -0.000155034
65250 0.000585899
65300 -2.91603e-05
65350 0.00024269
65400 -0.000803278
65450 0.00030607
65500 0.000752015
65550 6.40897e-05
65600 0.00024269
65650 0.000369932
65700 -0.000470487
65750 -0.000141196
65800 -0.000512931
65850 -0.000141196
65900 -0.000199772
65950 -0.000273244
66000 -0.000141196
66050 -0.000164811
66100 0.000165836
66150 0.000351755
66200 4.22378e-05
66250 0.000483806
66300 0.000552972
66350 -0.000470487
66400 -3.1873e-05
66450 0.000221029
66500 -0.00035196
66550 0.000955342
66600 -0.000461938
66650 0.000186586
66700 0.000186586
66750 -5.75665e-05
66800 0.000617089
66850 -4.00377e-05
66900 -3.1873e-05
66950 -2.91603e-05
67000 -0.000273244
67050 -6.16098e-05
67100 0.000564532
67150 -0.000164811
67200 0.000483806
67250 -0.000720579
67300 0.00024269
67350 -0.000263692
67400 -0.000558953
67450 -0.000263692
67500 0.000495182
67550 -5.71865e-05
67600 -7.50189e-05
67650 0.000572779
67700 -7.50189e-05
67750 -0.000350584
67800 -0.000124694
67850 0.000821397
67900 -5.71865e-05
67950 -0.000280782
68000 0.000186974
68050 0.000669308
68100 0.000661243
68150 0.000165836
68200 0.000397303
68250 0.000821397
68300 -3.1873e-05
68350 -0.000512931
68400 0.000821397
68450 0.000307954
68500 0.000148326
68550 -0.000558953
68600 -0.000538807
68650 0.000530129
68700 -2.3209e-05
68750 -0.00106535
68800 -0.000490923
68850 4.41454e-05
68900 -2.3209e-05
68950 -0.000160534
69000 -0.000335614
69050 -0.000477403
69100 0.000257909
69150 -0.000340291
69200 -0.000141196
69250 -0.000160534
69300 0.00030607
69350 -0.000193051
69400 -0.000199772
69450 0.000386105
69500 -3.56091e-05
69550 0.000351755
69600 -0.000124694
69650 -0.00059035
69700 -0.000156772
69750 -0.000160534
69800 0.000227413
69850 -5.75665e-05
69900 -6.16098e-05
69950 -0.000335614
70000 -0.000461938
70050 -0.000814549
70100 -0.000350584
70150 -0.000160534
70200 -0.000196756
70250 0.000572779
70300 -0.000155034
70350 0.000305001
70400 0.000386105
70450 0.000227413
70500 -0.000326566
70550 0.000186974
70600 0.000530129
70650 0.00030607
70700 0.000369932
70750 -0.000124694
70800 0.000186586
70850 -0.00048688
70900 -2.91603e-05
70950 -0.000814549
71000 -0.000382379
71050 -0.000193051
71100 -0.000803278
71150 0.000305001
71200 -0.00035196
71250 -5.89146e-05
71300 0.000483806
71350 0.000186586
71400 0.000572779
71450 -0.000164811
71500 0.000305001
71550 0.000530129
71600 0.000722985
71650 -0.000156772
71700 2.59602e-05
71750 0.000140748
71800 0.000722985
71850 -5.89146e-05
71900 -0.000720579
71950 0.000186974
72000 -0.000803278
72050 0.000722985
72100 0.000474569
72150 -0.000461938
72200 -5.71865e-05
72250 -6.99673e-05
72300 -0.000199772
72350 -0.0011982
72400 -2.91603e-05
72450 -5.75665e-05
72500 -0.000280782
72550 6.40897e-05
72600 -0.000196756
72650 -0.000171437
72700 -3.56091e-05
72750 0.00024269
72800 0.000700895
72850 -0.000529407
72900 0.000700895
72950 -0.000326566
73000 0.000495182
73050 -0.000263692
73100 -0.000350584
73150 -0.000323393
73200 0.000552972
73250 -0.000381604
73300 0.000257909
73350 -6.99673e-05
73400 0.000460289
73450 -0.000193051
73500 0.000227413
73550 0.000722985
73600 -0.000512931
73650 0.000899834
73700 -0.000171437
73750 -0.000470487
73800 0.000483806
73850 0.000821397
73900 -6.99673e-05
73950 -0.000291111
74000 -0.00106535
74050 -0.000156772
74100 0.00030607
74150 -5.71865e-05
74200 -3.1873e-05
74250 0.000397303
74300 0.00030607
74350 -0.000171437
74400 -2.50205e-05
74450 -0.000558953
74500 -0.000164811
74550 0.000530129
74600 0.00030607
74650 -0.000490923
74700 -2.91603e-05
74750 -0.000340291
74800 0.000205231
74850 0.000257909
74900 -7.50189e-05
74950 0.000807931
75000 -0.000809657
75050 -0.000291111
75100 9.16315e-05
75150 -0.000193051
75200 0.000807931
75250 0.000369932
75300 0.000165836
75350 0.000221029
75400 4.22378e-05
75450 -0.000171437
75500 0.000821397
75550 0.000351755
75600 0.000257909
75650 -0.000196756
75700 -0.000720579
75750 -0.000102912
75800 0.000165836
75850 0.000752015
75900 -5.71865e-05
75950 -0.000720579
76000 0.000617089
76050 0.000305001
76100 -6.16098e-05
76150 -5.71865e-05
76200 -0.000102912
76250 0.000307954
76300 -0.000155034
76350 -0.000164811
76400 -0.000280782
76450 -0.000490923
76500 -0.000381604
76550 0.000700895
76600 6.40897e-05
76650 -0.000461938
76700 -5.75665e-05
76750 0.000802981
76800 -0.000382379
76850 -4.00377e-05
76900 -0.000280782
76950 0.000700895
77000 0.000186586
77050 -0.000382379
77100 -3.1873e-05
77150 0.000955342
77200 0.000221029
77250 -0.000291111
77300 -0.000280282
77350 -0.00059035
77400 0.000257909
77450 0.000186974
77500 -5.89146e-05
77550 0.000807931
77600 0.000669308
77650 -0.000538807
77700 -7.50189e-05
77750 -0.000102912
77800 -0.000102912
77850 -0.000280782
77900 0.000148326
77950 -0.000427281
78000 -6.16098e-05
78050 -0.000199772
78100 -0.000477403
78150 -0.000141196
78200 0.000186974
78250 0.000585899
78300 -0.000490923
78350 4.22378e-05
78400 -0.000196756
78450 -3.1873e-05
78500 -5.71865e-05
78550 0.000305001
78600 0.000186974
78650 -0.000427281
78700 9.16315e-05
78750 -0.000156772
78800 0.000495182
78850 -0.000155034
78900 -8.11762e-05
78950 0.000572779
79000 0.000585899
79050 -0.000529407
79100 -0.000124694
79150 0.000572779
79200 0.000955342
79250 -0.00059035
79300 -0.000156772
79350 -0.000171437
79400 -0.000814549
79450 0.000369932
79500 0.000552972
79550 2.59602e-05
79600 -0.000512931
79650 0.000530129
79700 -0.000164811
79750 0.000474569
79800 -0.000273244
79850 0.00024269
79900 0.000386105
79950 -0.000196756
80000 -0.000141196
80050 -0.000263692
80100 -6.16098e-05
80150 -0.000196756
80200 -0.0011982
80250 0.000460289
80300 -3.1873e-05
80350 -0.00048688
80400 -0.000809657
80450 -0.000529407
80500 0.000585899
80550 -0.000394991
80600 -0.000558953
80650 -4.00377e-05
80700 -0.000124694
80750 -0.00106535
80800 -2.50205e-05
80850 -0.000461938
80900 -0.000155034
80950 2.59602e-05
81000 9.16315e-05
81050 0.000530129
81100 0.0001576
81150 -0.00035196
81200 0.000386105
81250 -0.000381604
81300 0.000552972
81350 -2.3209e-05
81400 -0.000155034
81450 0.000205231
81500 -0.000291111
81550 0.000802981
81600 0.000307954
81650 -7.50189e-05
81700 0.000483806
81750 0.000305001
81800 0.000530129
81850 0.0001576
81900 0.000807931
81950 -3.56091e-05
82000 0.0001576
82050 0.000807931
82100 0.000351755
82150 -0.00059035
82200 0.000722985
82250 -0.000394991
82300 -0.000199772
82350 0.000140748
82400 0.00030607
82450 -0.000155034
82500 0.000369932
82550 0.000257909
82600 0.000227413
82650 0.000474569
82700 -7.50189e-05
82750 -0.000160534
82800 0.000669308
82850 6.40897e-05
82900 -0.000340291
82950 -0.000160534
83000 0.000397303
83050 0.000530129
83100 -3.1873e-05
83150 0.000722985
83200 0.000305001
83250 0.000397303
83300 0.000807931
83350 0.000530129
83400 -0.000291111
83450 -7.50189e-05
83500 -0.000558953
83550 -0.000199772
83600 0.000351755
83650 -0.000470487
83700 4.22378e-05
83750 0.0001576
83800 0.000572779
83850 -0.000291111
83900 0.000530129
83950 -0.000263692
84000 0.000186974
84050 -0.000529407
84100 2.59602e-05
84150 -6.99673e-05
84200 -0.000171437
84250 4.41454e-05
84300 0.000572779
84350 -0.000291111
84400 0.000351755
84450 -0.000720579
84500 -0.000461938
84550 -0.000529407
84600 0.000221029
84650 -0.000124694
84700 -0.000529407
84750 -0.000155034
84800 0.0001576
84850 0.000205231
84900 4.41454e-05
84950 -6.99673e-05
85000 -0.000427281
85050 -8.11762e-05
85100 -0.00059035
85150 0.000221029
85200 6.40897e-05
85250 -0.000490923
85300 0.000186586
85350 -0.000340291
85400 0.000351755
85450 -0.000381604
85500 0.000572779
85550 9.16315e-05
85600 -0.000155034
85650 6.40897e-05
85700 -0.000529407
85750 -7.50189e-05
85800 0.000661243
85850 -6.99673e-05
85900 0.00024269
85950 0.000351755
86000 -0.000323393
86050 -0.000156772
86100 0.000186974
86150 0.000205231
86200 0.000483806
86250 -0.000156772
86300 -0.000381604
86350 -0.000156772
86400 0.000474569
86450 -0.000490923
86500 -0.000470487
86550 -0.000803278
86600 -0.000809657
86650 0.000148326
86700 -0.000538807
86750 -3.1873e-05
86800 -0.000477403
86850 -2.91603e-05
86900 0.000530129
86950 -0.000427281
87000 0.000369932
87050 -0.000538807
87100 0.000955342
87150 -0.000477403
87200 0.000165836
87250 0.000221029
87300 -0.000538807
87350 6.40897e-05
87400 -0.000323393
87450 4.41454e-05
87500 -0.000803278
87550 0.000495182
87600 -7.50189e-05
87650 -0.00048688
87700 0.000205231
87750 -0.000193051
87800 0.000802981
87850 -0.000803278
87900 -5.89146e-05
87950 -0.00059035
88000 -0.0011982
88050 0.000165836
88100 2.59602e-05
88150 -0.000477403
88200 -0.000323393
88250 0.000821397
88300 -0.000280282
88350 -7.50189e-05
88400 0.000186586
88450 -0.000512931
88500 -0.000427281
88550 -0.000141196
88600 -0.000558953
88650 -0.000280282
88700 -8.11762e-05
88750 0.000369932
88800 -0.000335614
88850 0.000552972
88900 -0.000280282
88950 0.000474569
89000 0.000955342
89050 0.000351755
89100 -0.000350584
89150 -0.000558953
89200 -6.99673e-05
89250 -0.000323393
89300 4.22378e-05
89350 0.000572779
89400 -0.000470487
89450 0.000700895
89500 -0.000512931
89550 0.000186974
89600 4.41454e-05
89650 -3.56091e-05
89700 -0.000141196
89750 -0.000512931
89800 4.22378e-05
89850 -0.000350584
89900 -0.000141196
89950 -3.1873e-05
90000 0.000460289
90050 -8.11762e-05
90100 -5.71865e-05
90150 -0.00048688
90200 -0.000512931
90250 0.000351755
90300 -5.75665e-05
90350 -0.000512931
90400 -0.000350584
90450 -0.000156772
90500 0.000821397
90550 0.000552972
90600 -3.1873e-05
90650 0.000530129
90700 0.000564532
90750 0.000572779
90800 -5.75665e-05
90850 0.000752015
90900 -0.00059035
90950 -7.50189e-05
91000 0.000572779
91050 -0.000382379
91100 -0.000427281
91150 -0.000199772
91200 0.000186974
91250 -0.00035196
91300 -0.000124694
91350 0.000221029
91400 -5.75665e-05
91450 -0.000273244
91500 0.000483806
91550 -0.000280282
91600 -0.000394991
91650 -0.000803278
91700 0.000397303
91750 -0.000490923
91800 -0.000512931
91850 -0.000280782
91900 6.56047e-05
91950 0.000397303
92000 -0.000164811
92050 -0.000155034
92100 -0.000263692
92150 0.000369932
92200 -0.000477403
92250 -0.000102912
92300 0.000802981
92350 -0.000461938
92400 0.000661243
92450 -3.1873e-05
92500 4.22378e-05
92550 0.000722985
92600 -0.000326566
92650 -0.00059035
92700 -0.000156772
92750 -6.99673e-05
92800 0.000483806
92850 0.000397303
92900 -5.71865e-05
92950 -2.91603e-05
93000 -0.000280782
93050 0.000802981
93100 -0.000529407
93150 2.59602e-05
93200 -0.000538807
93250 0.000227413
93300 -2.91603e-05
93350 0.0001576
93400 0.000700895
93450 -0.000381604
93500 0.000700895
93550 9.16315e-05
93600 -0.000490923
93650 0.000564532
93700 -0.000155034
93750 -0.000193051
93800 -0.000273244
93850 -0.000803278
93900 -0.000470487
93950 0.000669308
94000 0.000305001
94050 0.000552972
94100 -0.000141196
94150 -0.000196756
94200 -0.000381604
94250 0.000186586
94300 -0.000199772
94350 -0.000263692
94400 0.000186586
94450 -0.000326566
94500 -0.0011982
94550 0.000821397
94600 0.000257909
94650 -0.000461938
94700 0.000572779
94750 0.000722985
94800 0.000955342
94850 -0.000156772
94900 0.000585899
94950 -0.00106535
95000 -0.000809657
95050 -0.00048688
95100 0.000821397
95150 0.000386105
95200 -0.00035196
95250 0.000955342
95300 0.000669308
95350 -3.1873e-05
95400 -5.75665e-05
95450 -0.000118851
95500 -0.000350584
95550 0.000307954
95600 4.22378e-05
95650 0.000369932
95700 -0.00059035
95750 0.0001576
95800 0.000460289
95850 -0.0011982
95900 -0.000394991
95950 0.000564532
96000 0.000572779
96050 0.000307954
96100 -6.16098e-05
96150 4.22378e-05
96200 -0.000558953
96250 -4.00377e-05
96300 4.41454e-05
96350 0.000305001
96400 0.000700895
96450 0.000369932
96500 -2.3209e-05
96550 0.000617089
96600 0.000669308
96650 -0.000381604
96700 -0.000280282
96750 0.000752015
96800 -0.00048688
96850 -0.000814549
96900 -0.000340291
96950 -0.000171437
97000 -0.000538807
97050 0.00024269
97100 -0.000461938
97150 -0.000156772
97200 4.22378e-05
97250 -0.000394991
97300 -2.50205e-05
97350 -2.50205e-05
97400 -0.000118851
97450 0.00030607
97500 -0.000558953
97550 -0.000814549
97600 0.000495182
97650 2.59602e-05
97700 0.000495182
97750 -0.000340291
97800 6.56047e-05
97850 0.00024269
97900 0.000148326
97950 -0.000196756
98000 -0.0011982
98050 0.000564532
98100 0.000752015
98150 0.000460289
98200 -0.000273244
98250 -5.89146e-05
98300 -0.000427281
98350 0.000661243
98400 -0.000558953
98450 4.41454e-05
98500 0.000257909
98550 0.000386105
98600 0.000186586
98650 -0.000381604
98700 -0.000102912
98750 0.000369932
98800 0.000307954
98850 0.000669308
98900 6.40897e-05
98950 0.000495182
99000 -2.50205e-05
99050 0.000802981
99100 -0.000160534
99150 -0.00106535
99200 0.000186586
99250 -0.000427281
99300 0.000205231
99350 0.000307954
99400 -0.000382379
99450 0.000700895
99500 0.00030607
99550 0.000186586
99600 -5.75665e-05
99650 -3.56091e-05
99700 4.22378e-05
99750 0.000669308
99800 -8.11762e-05
99850 -0.000809657
99900 -0.000160534
99950 4.22378e-05
