0 -0.00231831
50 -0.0011144
100 0.000354782
150 0.00147352
200 -0.00244231
250 0.00246735
300 0.00084717
350 0.00045542
400 -0.000112994
450 -8.33692e-06
500 -0.00228573
550 -0.000345271
600 0.000703092
650 -0.00185778
700 -0.000573158
750 0.000473386
800 0.000758094
850 -0.00115379
900 0.00275412
950 -0.00162251
1000 1.46122e-05
1050 0.00309286
1100 -0.000594111
1150 0.00135711
1200 -0.000399759
1250 0.000130877
1300 -0.000823018
1350 -0.00244231
1400 0.000714904
1450 -0.00174224
1500 -0.00121881
1550 0.0012804
1600 0.00111024
1650 0.00290795
1700 0.000473386
1750 -0.00121881
1800 0.00201896
1850 -0.00189068
1900 0.000434103
1950 -0.000373803
2000 -0.00217938
2050 -0.000487145
2100 -0.000393902
2150 0.00275412
2200 0.000493339
2250 1.46122e-05
2300 -0.000436849
2350 -0.000487145
2400 0.00095829
2450 -0.000552366
2500 0.000186265
2550 -0.00118816
2600 -0.000862335
2650 0.000925364
2700 2.48567e-05
2750 -0.000594111
2800 -0.000436849
2850 -0.00298961
2900 -0.000823018
2950 0.00107591
3000 0.000703092
3050 -0.000373803
3100 -0.0010334
3150 -0.000594111
3200 0.00032377
3250 -0.00189068
3300 -0.000552366
3350 -0.000198698
3400 0.00032377
3450 -0.00298961
3500 0.000714904
3550 0.00143354
3600 -0.000552366
3650 0.000794755
3700 0.00177768
3750 -0.000345271
3800 -0.000393902
3850 0.00177768
3900 0.000434103
3950 -0.000345271
4000 0.00140912
4050 -0.000762356
4100 0.00026662
4150 -0.000373803
4200 -0.00108168
4250 0.000130877
4300 -0.0010334
4350 -0.00244231
4400 0.000184053
4450 -0.000625107
4500 -0.000770155
4550 -0.000573158
4600 0.000455095
4650 -0.000425801
4700 -0.000852079
4750 0.00114009
4800 -0.000862335
4850 0.00275412
4900 -0.000616018
4950 0.00165372
5000 -0.000425801
5050 -0.000616018
5100 0.00143354
5150 -0.00185778
5200 -0.000112994
5250 0.00032377
5300 0.000177519
5350 0.00135711
5400 0.00111024
5450 -0.00159444
5500 0.00111024
5550 -0.00133255
5600 0.00147352
5650 0.000130877
5700 -0.00174224
5750 0.00161559
5800 0.00140912
5850 -0.000345271
5900 0.00131621
5950 0.000703092
6000 0.00095829
6050 0.000130877
6100 0.000510297
6150 0.000130877
6200 -0.00108168
6250 0.000605562
6300 -0.000716596
6350 -0.000616018
6400 0.00290795
6450 -0.00233301
6500 -0.000131234
6550 0.000493339
6600 0.00162037
6650 0.00147352
6700 0.00026662
6750 0.000134934
6800 0.00045542
6850 -9.29592e-05
6900 -0.00115379
6950 -0.000198698
7000 -0.00115379
7050 0.000354782
7100 -0.000425801
7150 0.00135711
7200 -0.000487145
7250 0.00032377
7300 2.48567e-05
7350 0.000714904
7400 0.000186265
7450 0.000510297
7500 0.000542501
7550 -0.00133255
7600 0.00152737
7650 -0.000425801
7700 0.00113122
7750 0.00177768
7800 -0.000823018
7850 0.00095829
7900 0.000510297
7950 2.48567e-05
8000 -0.000436849
8050 -0.000770155
8100 -0.0011144
8150 0.000455095
8200 -0.00108168
8250 0.00309286
8300 -0.000425801
8350 0.00111024
8400 -8.33692e-06
8450 -0.000552366
8500 0.000130877
8550 -0.00217938
8600 -0.000721084
8650 0.00147352
8700 -0.000573158
8750 -0.00255739
8800 -0.000425801
8850 -0.000847268
8900 0.000473386
8950 -0.00217938
9000 0.00143354
9050 -0.00159444
9100 -0.00159444
9150 0.000186265
9200 0.000434103
9250 0.000473386
9300 -0.00118816
9350 0.000134934
9400 -0.00231831
9450 -0.0010334
9500 0.000354782
9550 -0.000862335
9600 0.00157718
9650 0.00246735
9700 0.00032377
9750 -0.00231831
9800 0.00135711
9850 -0.00115379
9900 0.000130877
9950 0.00107591
10000 -0.000823018
10050 -0.000823018
10100 0.00135711
10150 0.000542501
10200 -0.00255739
10250 -0.000425801
10300 2.48567e-05
10350 -0.000625107
10400 0.00135711
10450 0.00177768
10500 0.00309286
10550 -0.00159444
10600 0.00147352
10650 0.000354782
10700 0.00113122
10750 0.00140912
10800 0.00113122
10850 -0.00118816
10900 0.000186265
10950 0.000455095
11000 0.00161559
11050 -0.00136009
11100 0.000605562
11150 2.48567e-05
11200 -0.0010334
11250 0.000434103
11300 0.00217678
11350 0.00217678
11400 0.00107591
11450 -0.000762356
11500 2.48567e-05
11550 -0.000852079
11600 -8.33692e-06
11650 -0.000594111
11700 0.000354782
11750 0.00084717
11800 0.000758094
11850 -0.00162251
11900 -0.00162251
11950 -0.000625107
12000 0.00045542
12050 0.00114009
12100 0.00147352
12150 -0.000966045
12200 -0.000852079
12250 0.00246735
12300 -0.000625107
12350 0.00113122
12400 0.000925364
12450 1.46122e-05
12500 -0.000552366
12550 -0.00244231
12600 0.00157718
12650 0.0026645
12700 -0.000198698
12750 0.00113122
12800 0.00177768
12850 0.000434103
12900 1.46122e-05
12950 -0.000198698
13000 -0.0011144
13050 0.000354782
13100 -0.00115379
13150 -9.29592e-05
13200 0.000703092
13250 -0.000186231
13300 0.00177768
13350 -0.000852079
13400 0.000354782
13450 -0.000198698
13500 -0.000436849
13550 0.00157718
13600 -0.00255739
13650 0.00131621
13700 -0.000847268
13750 -0.00118816
13800 0.00152737
13850 0.00177768
13900 -0.000399759
13950 0.00026662
14000 0.000925364
14050 0.00246735
14100 -0.000721084
14150 -0.000198698
14200 0.00152737
14250 0.00147352
14300 0.00140912
14350 0.00177768
14400 0.00275412
14450 -0.00159444
14500 -0.000721084
14550 0.000794755
14600 -0.000186231
14650 0.000354782
14700 -0.00133255
14750 -0.000625107
14800 0.0012804
14850 0.000542501
14900 0.000794755
14950 -0.000552366
15000 0.000473386
15050 0.000510297
15100 0.00290795
15150 -0.000112994
15200 0.00177768
15250 -0.00136009
15300 -0.0010334
15350 0.00107591
15400 -0.000716596
15450 -0.000966045
15500 0.000714904
15550 -0.000552366
15600 -0.00115379
15650 0.000473386
15700 0.000714904
15750 -0.000762356
15800 0.000714904
15850 -0.00162251
15900 0.000758094
15950 -0.00189068
16000 -0.00233301
16050 0.000162023
16100 0.00201896
16150 -0.00255739
16200 0.00157718
16250 0.00131621
16300 -0.00233301
16350 -0.00115379
16400 0.000510297
16450 0.00147352
16500 -0.000721084
16550 0.000184053
16600 -0.000625107
16650 -0.000625107
16700 0.000758094
16750 -0.00133255
16800 0.00201896
16850 -0.000573158
16900 0.00111024
16950 0.00177768
17000 0.000542501
17050 0.00201896
17100 -0.000862335
17150 0.00275412
17200 0.000130877
17250 0.000510297
17300 2.48567e-05
17350 0.000657318
17400 -0.000112994
17450 0.00177768
17500 0.000794755
17550 0.00045542
17600 -0.000399759
17650 -0.00255739
17700 -0.000399759
17750 0.00107591
17800 -0.00115379
17850 -0.00185778
17900 -0.00133255
17950 0.000473386
18000 -0.000573158
18050 -0.000852079
18100 0.00114009
18150 0.00217678
18200 -0.000716596
18250 0.000510297
18300 0.00095829
18350 -0.00159444
18400 -0.000112994
18450 0.00201896
18500 0.0026645
18550 0.00147352
18600 -8.33692e-06
18650 0.000455095
18700 -0.000345271
18750 -0.000436849
18800 0.000455095
18850 -0.000847268
18900 0.00162037
18950 -0.00244231
19000 -0.000770155
19050 -0.000594111
19100 -0.002679
19150 0.000703092
19200 -0.000770155
19250 -0.0010334
19300 -0.00228573
19350 -0.00162251
19400 -0.00162251
19450 0.000493339
19500 0.000714904
19550 -0.000762356
19600 5.47911e-05
19650 0.000925364
19700 -0.000345271
19750 0.00084717
19800 0.000434103
19850 0.000493339
19900 -0.00115379
19950 0.00140912
20000 0.00032377
20050 0.00275412
20100 5.47911e-05
20150 -0.000823018
20200 1.46122e-05
20250 0.00161559
20300 0.00152737
20350 -0.000436849
20400 1.46122e-05
20450 -0.000616018
20500 0.00140912
20550 0.00217678
20600 -0.000131234
20650 -0.000345271
20700 0.000473386
20750 -0.00121881
20800 -0.000186231
20850 0.000493339
20900 -0.00244231
20950 -0.000425801
21000 0.00157718
21050 0.000493339
21100 -9.29592e-05
21150 -0.000399759
21200 0.000354782
21250 -0.00159444
21300 -0.000425801
21350 0.00147352
21400 -0.000399759
21450 -0.000112994
21500 -0.000186231
21550 -0.0010334
21600 0.000657318
21650 0.000177519
21700 0.00084717
21750 -0.00174224
21800 -0.000966045
21850 0.000473386
21900 -8.33692e-06
21950 -0.000393902
22000 -0.000966045
22050 -0.00217938
22100 0.000134934
22150 0.00026662
22200 0.000434103
22250 -0.000487145
22300 0.00217678
22350 -0.000847268
22400 0.00045542
22450 -0.00255739
22500 -0.000487145
22550 0.000434103
22600 -0.000616018
22650 -0.00217938
22700 -0.000770155
22750 -0.000198698
22800 -0.00233301
22850 0.000605562
22900 -0.00115301
22950 0.00162037
23000 -0.000552366
23050 -0.00136009
23100 0.00143354
23150 -0.00162251
23200 -0.000552366
23250 -0.000436849
23300 -0.000186231
23350 0.000493339
23400 0.00275412
23450 -0.000721084
23500 -0.00108168
23550 0.00131621
23600 0.000605562
23650 -0.00108168
23700 0.000354782
23750 0.00140912
23800 -0.000594111
23850 0.000542501
23900 -0.00185778
23950 -0.000399759
24000 0.00131621
24050 5.47911e-05
24100 -0.000112994
24150 0.000434103
24200 -0.00118816
24250 -8.33692e-06
24300 0.00177768
24350 -0.00298961
24400 -0.00244231
24450 -0.000594111
24500 -0.00228573
24550 -0.00217938
24600 -0.00115301
24650 -0.000393902
24700 0.00147352
24750 -0.000852079
24800 -0.000762356
24850 0.00111024
24900 -0.000823018
24950 -0.00189068
25000 -0.000721084
25050 0.00201896
25100 0.00201896
25150 0.00309286
25200 0.00161559
25250 -0.000616018
25300 2.48567e-05
25350 -0.000721084
25400 -0.00115301
25450 0.00140912
25500 0.000925364
25550 -0.00121881
25600 -9.29592e-05
25650 0.00165372
25700 -0.000823018
25750 5.47911e-05
25800 0.00165372
25850 0.000758094
25900 -0.002679
25950 -0.000373803
26000 0.00026662
26050 0.00177768
26100 -0.00159444
26150 -0.00174224
26200 0.00217678
26250 0.000354782
26300 -0.00189068
26350 0.000493339
26400 0.00165372
26450 -0.000852079
26500 -0.000625107
26550 -0.000373803
26600 0.00165372
26650 0.000134934
26700 0.00107591
26750 0.00157718
26800 0.00135711
26850 0.00131621
26900 -0.00185778
26950 -0.000616018
27000 0.000184053
27050 0.00032377
27100 -0.0010334
27150 0.000925364
27200 0.000184053
27250 -0.0010334
27300 -0.000131234
27350 0.00140912
27400 -0.000345271
27450 -0.00115301
27500 0.000605562
27550 0.000493339
27600 0.000925364
27650 -0.000966045
27700 0.000714904
27750 -0.0010334
27800 -0.00159444
27850 0.00201896
27900 -8.33692e-06
27950 0.000184053
28000 -0.00298961
28050 0.00246735
28100 0.000542501
28150 -0.00244231
28200 -0.000131234
28250 0.00217678
28300 0.000510297
28350 -0.00231831
28400 0.000130877
28450 0.00114009
28500 -0.00115379
28550 -0.0011144
28600 -0.000625107
28650 -0.00244231
28700 0.00275412
28750 0.00114009
28800 -0.000131234
28850 -0.0010334
28900 0.00032377
28950 -0.000573158
29000 0.00026662
29050 -0.000487145
29100 0.000434103
29150 0.00246735
29200 -0.00185778
29250 -0.000625107
29300 -0.000762356
29350 -0.000425801
29400 0.000184053
29450 -9.29592e-05
29500 -0.000425801
29550 0.00309286
29600 -0.000594111
29650 -0.000770155
29700 0.00147352
29750 0.00147352
29800 -0.00136009
29850 -0.00108168
29900 -0.000721084
29950 -0.000399759
30000 -0.000716596
30050 0.00045542
30100 -0.00115301
30150 -0.00244231
30200 0.000473386
30250 0.00246735
30300 0.000162023
30350 -0.00118816
30400 -0.00162251
30450 0.000473386
30500 -0.00115379
30550 0.00152737
30600 0.000758094
30650 -0.00185778
30700 0.000493339
30750 0.00026662
30800 -0.000198698
30850 0.000703092
30900 0.00032377
30950 -0.000399759
31000 0.000162023
31050 -0.00174224
31100 -0.000721084
31150 -0.000131234
31200 0.000925364
31250 -0.0010334
31300 0.000758094
31350 0.00162037
31400 0.00246735
31450 -0.000186231
31500 0.00275412
31550 -0.00231831
31600 -0.00121881
31650 0.00140912
31700 0.00084717
31750 -0.00162251
31800 0.000542501
31850 -0.000616018
31900 0.00177768
31950 -0.000345271
32000 -0.00118816
32050 -0.00255739
32100 -0.00217938
32150 -0.00185778
32200 0.000758094
32250 -0.000716596
32300 0.000925364
32350 0.000130877
32400 -0.000198698
32450 0.00032377
32500 0.00140912
32550 -0.00185778
32600 0.00095829
32650 -0.000112994
32700 0.00157718
32750 -0.000186231
32800 -8.33692e-06
32850 0.00131621
32900 -0.000823018
32950 -0.00159444
33000 0.00201896
33050 0.000134934
33100 -0.000186231
33150 0.00084717
33200 0.00177768
33250 -0.000966045
33300 0.00165372
33350 0.000510297
33400 -0.000625107
33450 0.00131621
33500 -0.000131234
33550 0.000714904
33600 0.00107591
33650 0.00111024
33700 -0.000112994
33750 -0.000823018
33800 0.00161559
33850 0.000455095
33900 -0.000852079
33950 0.00111024
34000 -0.00108168
34050 0.00095829
34100 -0.00189068
34150 -0.00298961
34200 -0.00231831
34250 -0.000436849
34300 0.00084717
34350 0.00095829
34400 0.000473386
34450 -0.000770155
34500 -0.00115301
34550 -0.00162251
34600 0.000354782
34650 -0.00174224
34700 -0.000823018
34750 -0.000852079
34800 -0.00159444
34850 2.48567e-05
34900 5.47911e-05
34950 1.46122e-05
35000 -0.00217938
35050 -0.00108168
35100 0.000177519
35150 -0.00255739
35200 0.0012804
35250 -0.000393902
35300 0.00113122
35350 0.000186265
35400 -0.00174224
35450 0.000473386
35500 0.00131621
35550 0.00045542
35600 0.000130877
35650 -0.0010334
35700 0.000714904
35750 -0.00231831
35800 -0.000487145
35850 -0.00217938
35900 0.00107591
35950 0.00135711
36000 -9.29592e-05
36050 -0.00121881
36100 -8.33692e-06
36150 0.00290795
36200 -0.00174224
36250 0.0026645
36300 -0.00231831
36350 0.00026662
36400 -0.000399759
36450 -0.000625107
36500 -0.000487145
36550 -0.000966045
36600 -0.000721084
36650 -0.00233301
36700 0.00135711
36750 -0.000373803
36800 0.00111024
36850 0.00217678
36900 -0.00115379
36950 0.000354782
37000 1.46122e-05
37050 0.000758094
37100 0.000925364
37150 -0.00228573
37200 -0.002679
37250 0.00147352
37300 0.0026645
37350 0.00309286
37400 -0.00136009
37450 0.000134934
37500 0.000177519
37550 0.00111024
37600 -0.00217938
37650 -0.000131234
37700 0.00140912
37750 0.000714904
37800 -0.000625107
37850 -0.00174224
37900 0.000177519
37950 -0.000112994
38000 -0.000112994
38050 -0.00185778
38100 0.00177768
38150 0.000134934
38200 0.000473386
38250 0.000354782
38300 -0.000594111
38350 0.00201896
38400 -0.00231831
38450 0.00114009
38500 -0.000966045
38550 -0.000847268
38600 0.00177768
38650 0.00140912
38700 0.00107591
38750 -0.00217938
38800 0.000714904
38850 -0.000716596
38900 -0.000425801
38950 -0.000847268
39000 -0.00298961
39050 -0.00298961
39100 0.00143354
39150 -0.000112994
39200 0.00201896
39250 0.00217678
39300 -0.000112994
39350 0.000130877
39400 0.00107591
39450 -0.000487145
39500 -0.000852079
39550 0.000473386
39600 0.0012804
39650 -0.00231831
39700 0.00135711
39750 -0.000345271
39800 0.00165372
39850 0.000542501
39900 -0.000762356
39950 0.000354782
40000 -0.00159444
40050 0.00045542
40100 0.00131621
40150 0.000542501
40200 -0.00159444
40250 0.00084717
40300 -0.000552366
40350 -0.00108168
40400 -0.00118816
40450 -0.00233301
40500 0.00275412
40550 -0.00162251
40600 -0.000373803
40650 -0.002679
40700 0.000186265
40750 -0.000862335
40800 0.000473386
40850 0.000455095
40900 -0.00121881
40950 0.00045542
41000 -0.000594111
41050 0.000794755
41100 -0.002679
41150 -9.29592e-05
41200 -0.000112994
41250 0.000703092
41300 2.48567e-05
41350 -0.000862335
41400 -0.000616018
41450 -0.000393902
41500 0.00147352
41550 -0.00118816
41600 -0.000716596
41650 -0.000425801
41700 -0.00233301
41750 0.000184053
41800 -0.000345271
41850 0.00084717
41900 0.000434103
41950 0.00084717
42000 0.000130877
42050 -0.00244231
42100 0.00140912
42150 0.0012804
42200 0.00045542
42250 0.00165372
42300 -0.000198698
42350 -0.0010334
42400 -0.000716596
42450 -0.000131234
42500 -0.000373803
42550 0.000354782
42600 0.00113122
42650 0.00275412
42700 0.00152737
42750 -0.000112994
42800 -0.00228573
42850 0.000925364
42900 0.00045542
42950 0.00095829
43000 0.00290795
43050 0.000925364
43100 -0.00244231
43150 0.000134934
43200 -0.000716596
43250 0.00147352
43300 -0.000770155
43350 -0.00133255
43400 0.00157718
43450 -0.000345271
43500 0.00165372
43550 0.00032377
43600 0.00246735
43650 0.00161559
43700 0.000758094
43750 0.00157718
43800 0.00143354
43850 -0.000573158
43900 -0.000487145
43950 0.000134934
44000 0.00114009
44050 0.000134934
44100 0.00032377
44150 -0.00233301
44200 5.47911e-05
44250 -0.00255739
44300 0.00165372
44350 -0.00162251
44400 0.0026645
44450 -0.000716596
44500 -0.000373803
44550 0.00135711
44600 0.00165372
44650 0.00161559
44700 0.000758094
44750 -0.000862335
44800 0.00111024
44850 0.00113122
44900 0.00140912
44950 -0.000616018
45000 2.48567e-05
45050 0.000354782
45100 0.000714904
45150 0.00114009
45200 -0.000594111
45250 0.000354782
45300 5.47911e-05
45350 -0.000616018
45400 0.00107591
45450 2.48567e-05
45500 0.000434103
45550 -0.000573158
45600 0.00161559
45650 2.48567e-05
45700 -0.00136009
45750 -0.000721084
45800 -0.00159444
45850 -0.00231831
45900 -0.000721084
45950 -0.000552366
46000 0.00143354
46050 0.00161559
46100 0.000794755
46150 -0.00231831
46200 0.0026645
46250 0.00026662
46300 1.46122e-05
46350 2.48567e-05
46400 0.00143354
46450 -0.000862335
46500 0.00026662
46550 0.0012804
46600 0.00095829
46650 0.00107591
46700 -0.00185778
46750 -0.000131234
46800 -0.000770155
46850 -0.000425801
46900 -9.29592e-05
46950 -9.29592e-05
47000 0.000162023
47050 0.000510297
47100 -0.000966045
47150 0.00246735
47200 -0.000487145
47250 0.00045542
47300 -0.000436849
47350 1.46122e-05
47400 -0.00189068
47450 -0.00244231
47500 0.000605562
47550 0.000542501
47600 -0.00189068
47650 0.000925364
47700 -0.00228573
47750 0.000925364
47800 0.00290795
47850 0.00084717
47900 -0.00298961
47950 -0.000716596
48000 -0.000721084
48050 -0.00118816
48100 0.000162023
48150 0.00114009
48200 0.00114009
48250 -0.00136009
48300 -0.00118816
48350 -0.000573158
48400 1.46122e-05
48450 -0.000823018
48500 -0.002679
48550 0.00114009
48600 0.00217678
48650 -0.00136009
48700 0.000605562
48750 0.00143354
48800 0.00140912
48850 -0.002679
48900 -8.33692e-06
48950 0.00026662
49000 -0.000966045
49050 0.000134934
49100 0.000186265
49150 0.000714904
49200 -0.00298961
49250 0.000177519
49300 0.000455095
49350 -0.00185778
49400 -0.00136009
49450 0.00165372
49500 -0.00231831
49550 -0.00174224
49600 0.00135711
49650 -0.000487145
49700 -0.00298961
49750 -9.29592e-05
49800 0.00084717
49850 2.48567e-05
49900 0.00032377
49950 -0.00108168
50000 0.00113122
50050 -0.000198698
50100 -9.29592e-05
50150 0.000162023
50200 -0.000198698
50250 0.000925364
50300 0.00309286
50350 -0.000112994
50400 -0.000198698
50450 0.00135711
50500 0.00201896
50550 -0.000393902
50600 0.00032377
50650 0.000177519
50700 0.000434103
50750 0.00131621
50800 -0.00108168
50850 0.00162037
50900 -0.00162251
50950 0.00107591
51000 0.000455095
51050 -8.33692e-06
51100 0.00140912
51150 -0.000616018
51200 0.00113122
51250 0.00157718
51300 0.00177768
51350 -0.000112994
51400 -8.33692e-06
51450 -0.00118816
51500 0.000925364
51550 -0.00217938
51600 -0.000487145
51650 0.00157718
51700 0.00217678
51750 0.00032377
51800 0.0012804
51850 -0.00162251
51900 -0.000594111
51950 -0.000716596
52000 0.000703092
52050 2.48567e-05
52100 0.00309286
52150 -0.000112994
52200 -0.00121881
52250 -0.000770155
52300 -0.000425801
52350 0.0026645
52400 -0.00185778
52450 0.00147352
52500 0.000134934
52550 0.00157718
52600 0.000473386
52650 0.00157718
52700 0.00045542
52750 0.000703092
52800 2.48567e-05
52850 0.00113122
52900 1.46122e-05
52950 -0.00298961
53000 -0.000198698
53050 5.47911e-05
53100 0.000510297
53150 0.0012804
53200 0.000925364
53250 -0.00174224
53300 -0.000594111
53350 0.00135711
53400 -0.00255739
53450 -0.000721084
53500 0.000758094
53550 -0.00174224
53600 1.46122e-05
53650 -0.000131234
53700 -0.0011144
53750 -0.000721084
53800 -0.00189068
53850 -0.00189068
53900 -0.0010334
53950 0.00143354
54000 0.000794755
54050 0.00165372
54100 0.000542501
54150 0.000925364
54200 2.48567e-05
54250 -0.000716596
54300 -0.000847268
54350 0.00135711
54400 -0.000847268
54450 -0.000862335
54500 0.000455095
54550 -0.000373803
54600 -0.00108168
54650 -0.000436849
54700 -0.00298961
54750 0.0026645
54800 -0.00162251
54850 -0.000198698
54900 -0.00174224
54950 -0.00189068
55000 -0.00189068
55050 0.00246735
55100 -0.000716596
55150 -0.000487145
55200 -0.000198698
55250 -0.000436849
55300 0.000714904
55350 0.00165372
55400 -0.000862335
55450 -0.000847268
55500 0.00157718
55550 0.00309286
55600 -0.000487145
55650 -0.00233301
55700 0.00275412
55750 0.00147352
55800 0.000134934
55850 0.00131621
55900 0.00107591
55950 0.000473386
56000 -0.000186231
56050 -0.00231831
56100 -0.000131234
56150 -0.00121881
56200 -0.000852079
56250 -0.00228573
56300 -0.000823018
56350 -0.000112994
56400 0.000177519
56450 0.00131621
56500 0.000794755
56550 -9.29592e-05
56600 -0.000823018
56650 -0.000131234
56700 0.000703092
56750 -0.00118816
56800 -0.00185778
56850 -0.000112994
56900 -8.33692e-06
56950 0.00131621
57000 -0.000399759
57050 0.0012804
57100 0.000542501
57150 -0.000198698
57200 -0.00189068
57250 -0.00159444
57300 0.00217678
57350 -0.00174224
57400 0.00135711
57450 -0.000345271
57500 0.00107591
57550 -0.00298961
57600 0.00084717
57650 0.00147352
57700 -0.000862335
57750 -0.00108168
57800 0.00045542
57850 0.00157718
57900 -0.000186231
57950 0.000925364
58000 0.000455095
58050 -8.33692e-06
58100 0.00026662
58150 -0.000552366
58200 -0.00115301
58250 -0.000852079
58300 0.00246735
58350 0.00032377
58400 -0.00121881
58450 0.000184053
58500 0.00161559
58550 0.00290795
58600 0.00026662
58650 -0.000186231
58700 -0.00159444
58750 0.00201896
58800 -9.29592e-05
58850 0.000162023
58900 -0.000487145
58950 -0.00231831
59000 2.48567e-05
59050 0.00114009
59100 -0.00298961
59150 0.00246735
59200 0.000714904
59250 -9.29592e-05
59300 2.48567e-05
59350 0.00143354
59400 -0.000625107
59450 0.00113122
59500 0.000455095
59550 -0.00133255
59600 0.00113122
59650 -0.00185778
59700 0.00113122
59750 0.000473386
59800 -0.00255739
59850 0.00084717
59900 -0.000131234
59950 0.00032377
60000 0.00161559
60050 -0.00108168
60100 0.000657318
60150 -0.000823018
60200 -0.00189068
60250 0.000714904
60300 -0.00162251
60350 0.00246735
60400 -0.000487145
60450 0.00113122
60500 0.000162023
60550 0.00140912
60600 -0.000186231
60650 0.000758094
60700 0.00201896
60750 0.000510297
60800 0.000130877
60850 -0.000770155
60900 0.00177768
60950 -0.00162251
61000 -0.000770155
61050 -0.000399759
61100 0.000455095
61150 -0.000852079
61200 0.000186265
61250 -0.00133255
61300 -0.000425801
61350 -0.000131234
61400 -0.000399759
61450 -0.00255739
61500 -0.00136009
61550 -0.00185778
61600 0.00165372
61650 0.00095829
61700 -0.000966045
61750 0.000605562
61800 0.00165372
61850 -0.00115379
61900 -0.00115301
61950 -0.000847268
62000 0.00309286
62050 -0.000373803
62100 -0.00162251
62150 -0.00121881
62200 -0.00133255
62250 0.000177519
62300 2.48567e-05
62350 0.0026645
62400 0.000473386
62450 0.000434103
62500 0.000184053
62550 -0.00174224
62600 0.00107591
62650 -0.0011144
62700 -0.000399759
62750 -0.000399759
62800 -0.000131234
62850 -0.000862335
62900 -0.000852079
62950 -0.00217938
63000 -0.000373803
63050 0.00143354
63100 -0.000399759
63150 -0.0011144
63200 0.00026662
63250 -0.000186231
63300 -0.00189068
63350 0.000714904
63400 -0.0011144
63450 0.000186265
63500 -8.33692e-06
63550 0.00113122
63600 -0.00255739
63650 -0.00108168
63700 0.000542501
63750 -0.000625107
63800 -0.00233301
63850 0.00045542
63900 -0.000847268
63950 0.00045542
64000 -0.0011144
64050 0.000794755
64100 -0.00244231
64150 0.000130877
64200 0.00095829
64250 -0.000399759
64300 0.000657318
64350 -0.00115301
64400 0.000714904
64450 0.0012804
64500 0.000542501
64550 -0.000552366
64600 -0.000425801
64650 -0.00118816
64700 -0.000112994
64750 0.000434103
64800 -0.00217938
64850 -0.000425801
64900 0.000455095
64950 0.000134934
65000 0.000130877
65050 0.000354782
65100 0.000657318
65150 0.000493339
65200 0.000657318
65250 -0.00255739
65300 0.000714904
65350 0.00045542
65400 0.00246735
65450 -0.000847268
65500 0.00201896
65550 0.0012804
65600 0.000455095
65650 0.00045542
65700 0.000605562
65750 0.00095829
65800 -0.000594111
65850 0.00084717
65900 0.000134934
65950 0.00309286
66000 -0.00298961
66050 2.48567e-05
66100 -0.000131234
66150 0.00165372
66200 0.00309286
66250 -0.000762356
66300 0.000186265
66350 0.00032377
66400 0.000354782
66450 -0.000393902
66500 0.0012804
66550 -0.000625107
66600 -0.000966045
66650 0.00147352
66700 0.000130877
66750 0.000794755
66800 0.00309286
66850 -0.00162251
66900 0.00161559
66950 -0.000487145
67000 -0.000373803
67050 0.000455095
67100 0.000455095
67150 0.00107591
67200 -0.000716596
67250 -0.000862335
67300 0.00135711
67350 0.00084717
67400 0.00309286
67450 0.000354782
67500 0.00161559
67550 -0.00108168
67600 0.00157718
67650 0.000605562
67700 0.00309286
67750 -0.00115301
67800 0.00275412
67850 -0.000823018
67900 0.0012804
67950 0.00147352
68000 -0.000487145
68050 -0.00255739
68100 0.00111024
68150 0.000134934
68200 -0.000966045
68250 0.00045542
68300 0.00201896
68350 -0.000425801
68400 0.00026662
68450 0.000455095
68500 -0.000112994
68550 0.000354782
68600 0.00111024
68650 0.000493339
68700 0.000703092
68750 1.46122e-05
68800 0.000605562
68850 -0.000762356
68900 -0.00115301
68950 0.00026662
69000 0.0026645
69050 -0.000616018
69100 0.000758094
69150 5.47911e-05
69200 0.00032377
69250 5.47911e-05
69300 -0.00174224
69350 -0.000966045
69400 0.0012804
69450 -0.00174224
69500 0.00114009
69550 0.000510297
69600 -0.00121881
69650 -0.0010334
69700 0.000758094
69750 -0.000131234
69800 0.00084717
69850 -0.000112994
69900 -0.000399759
69950 0.000510297
70000 -0.002679
70050 0.00275412
70100 0.000925364
70150 0.00026662
70200 -0.000762356
70250 -0.000721084
70300 0.000354782
70350 -0.00185778
70400 -0.000852079
70450 0.000703092
70500 0.00147352
70550 0.00162037
70600 -0.002679
70650 1.46122e-05
70700 -0.000616018
70750 0.00111024
70800 -0.00162251
70850 0.00275412
70900 0.000455095
70950 2.48567e-05
71000 0.00309286
71050 -0.000373803
71100 -0.000112994
71150 -0.000625107
71200 -0.00255739
71250 -0.000399759
71300 -0.00136009
71350 -0.000131234
71400 -0.000721084
71450 -0.00121881
71500 -0.000966045
71550 0.00143354
71600 0.00114009
71650 -0.000770155
71700 -0.000552366
71750 -0.000594111
71800 -0.000862335
71850 -0.00118816
71900 1.46122e-05
71950 0.00114009
72000 -0.00217938
72050 -0.000573158
72100 0.00165372
72150 -0.000823018
72200 -0.002679
72250 -0.000552366
72300 -0.000762356
72350 -0.0010334
72400 -0.000594111
72450 0.00177768
72500 0.000794755
72550 -0.000966045
72600 -0.00115301
72650 -0.000393902
72700 1.46122e-05
72750 0.00157718
72800 -0.000770155
72850 -9.29592e-05
72900 -0.0010334
72950 -0.00231831
73000 0.00140912
73050 0.000455095
73100 0.000184053
73150 0.00165372
73200 -0.000393902
73250 0.00143354
73300 1.46122e-05
73350 -0.002679
73400 0.000184053
73450 -0.000573158
73500 2.48567e-05
73550 -0.00133255
73600 -0.00174224
73650 -8.33692e-06
73700 -0.00217938
73750 0.000354782
73800 0.00177768
73850 0.000455095
73900 -0.000852079
73950 0.000703092
74000 -0.000573158
74050 -0.000823018
74100 0.000605562
74150 0.00114009
74200 0.000186265
74250 0.00026662
74300 0.00140912
74350 -0.00115379
74400 0.000354782
74450 0.00217678
74500 -0.00189068
74550 -0.000345271
74600 0.000493339
74650 -0.000762356
74700 0.00095829
74750 -0.000762356
74800 0.00032377
74850 -0.000186231
74900 -0.000393902
74950 0.00177768
75000 -0.000721084
75050 -0.000425801
75100 0.00177768
75150 0.00246735
75200 0.00114009
75250 5.47911e-05
75300 -0.00244231
75350 0.000493339
75400 -0.00174224
75450 0.00217678
75500 0.000493339
75550 2.48567e-05
75600 0.000714904
75650 2.48567e-05
75700 -0.00228573
75750 -0.000393902
75800 0.000434103
75850 -0.000594111
75900 -0.00162251
75950 -0.00174224
76000 0.00143354
76050 -0.000186231
76100 0.000925364
76150 0.00217678
76200 -0.000862335
76250 0.00032377
76300 -0.0011144
76350 -0.00162251
76400 0.00143354
76450 -0.000573158
76500 0.000473386
76550 0.000605562
76600 -0.00174224
76650 0.00157718
76700 0.00107591
76750 -0.000616018
76800 -0.00121881
76850 0.000473386
76900 0.00032377
76950 -0.000721084
77000 -8.33692e-06
77050 0.00165372
77100 0.000714904
77150 0.000130877
77200 -0.000625107
77250 -0.000425801
77300 0.00045542
77350 0.00152737
77400 1.46122e-05
77450 -0.000847268
77500 -0.00217938
77550 0.00152737
77600 0.000493339
77650 0.000186265
77700 -0.000393902
77750 0.00162037
77800 -8.33692e-06
77850 0.00032377
77900 -0.000487145
77950 -0.0010334
78000 -0.000436849
78050 0.00045542
78100 -0.000823018
78150 0.000130877
78200 0.000455095
78250 -0.00159444
78300 -0.00185778
78350 -0.000616018
78400 0.000605562
78450 -0.000399759
78500 -0.00115301
78550 -0.0011144
78600 -0.00121881
78650 0.00147352
78700 -0.000862335
78750 -0.000847268
78800 0.00246735
78850 0.00309286
78900 0.00165372
78950 0.00309286
79000 -0.000112994
79050 0.000493339
79100 0.000542501
79150 0.000605562
79200 0.00107591
79250 -0.0011144
79300 0.00217678
79350 5.47911e-05
79400 2.48567e-05
79450 0.000510297
79500 -0.000594111
79550 -0.000399759
79600 0.000434103
79650 -0.00159444
79700 -0.00108168
79750 0.00290795
79800 -9.29592e-05
79850 -0.00115379
79900 -0.000716596
79950 -0.000966045
80000 0.000758094
80050 5.47911e-05
80100 -0.00115301
80150 2.48567e-05
80200 0.000758094
80250 -8.33692e-06
80300 0.00201896
80350 0.00114009
80400 0.00201896
80450 -0.00162251
80500 0.00143354
80550 -0.000131234
80600 -0.000131234
80650 -0.0011144
80700 0.00114009
80750 -0.000573158
80800 0.00246735
80850 -0.000436849
80900 -0.000425801
80950 -0.000131234
81000 -0.000436849
81050 -0.000852079
81100 0.000493339
81150 0.000134934
81200 -0.000436849
81250 -0.00244231
81300 0.00135711
81350 -0.000847268
81400 -0.00133255
81450 -0.00244231
81500 0.000794755
81550 -0.000847268
81600 0.00131621
81650 0.000354782
81700 0.000177519
81750 -0.000847268
81800 0.00140912
81850 0.000605562
81900 0.00290795
81950 0.000162023
82000 -0.00189068
82050 0.0026645
82100 -0.000852079
82150 0.00026662
82200 0.00045542
82250 -0.00174224
82300 0.00162037
82350 0.00162037
82400 -0.000616018
82450 0.00165372
82500 -0.000487145
82550 -0.000762356
82600 0.00152737
82650 0.00084717
82700 0.000510297
82750 0.000493339
82800 -0.00115379
82850 0.00131621
82900 0.000925364
82950 0.00162037
83000 -0.000625107
83050 -0.00174224
83100 -0.000112994
83150 -0.000487145
83200 -0.00174224
83250 -0.0010334
83300 -0.000399759
83350 -0.00185778
83400 -0.00185778
83450 0.00290795
83500 0.000434103
83550 0.000542501
83600 0.00177768
83650 -0.00298961
83700 0.000542501
83750 0.00143354
83800 0.00275412
83850 0.00201896
83900 0.00114009
83950 -0.00115379
84000 0.0012804
84050 -0.00231831
84100 -0.000594111
84150 -0.000862335
84200 -0.0010334
84250 0.000130877
84300 -0.000373803
84350 -0.000186231
84400 0.000186265
84450 -0.00189068
84500 -0.000616018
84550 -0.000552366
84600 -0.000131234
84650 0.00162037
84700 -0.000131234
84750 -0.00217938
84800 0.00165372
84850 -0.00115379
84900 0.000354782
84950 0.00111024
85000 -0.0011144
85050 0.00217678
85100 0.00157718
85150 0.00177768
85200 -0.00231831
85250 -0.000552366
85300 -0.00217938
85350 0.000177519
85400 -0.000436849
85450 -0.000852079
85500 0.00032377
85550 0.000714904
85600 -0.00233301
85650 0.00201896
85700 0.00107591
85750 -0.000573158
85800 0.00217678
85850 -0.000847268
85900 0.0012804
85950 -0.000862335
86000 0.000162023
86050 0.00246735
86100 -0.000862335
86150 -0.00133255
86200 -0.00189068
86250 0.000657318
86300 0.00113122
86350 -0.000373803
86400 0.00217678
86450 -0.00108168
86500 0.00157718
86550 -0.0011144
86600 -0.000425801
86650 -0.00121881
86700 -0.000552366
86750 0.000354782
86800 0.00032377
86850 0.00143354
86900 -0.00115379
86950 -0.0011144
87000 -0.00189068
87050 0.00290795
87100 0.00111024
87150 0.00095829
87200 -0.00255739
87250 -0.000762356
87300 -0.000399759
87350 0.000455095
87400 0.000473386
87450 -0.000112994
87500 -0.00133255
87550 -0.00159444
87600 -0.00118816
87650 0.00113122
87700 0.00246735
87750 -0.000847268
87800 -0.00174224
87850 -0.000716596
87900 0.0026645
87950 -0.00159444
88000 0.000134934
88050 -0.00159444
88100 -0.00115301
88150 0.00157718
88200 -0.00118816
88250 -0.000436849
88300 0.000925364
88350 0.00131621
88400 0.000703092
88450 0.000473386
88500 0.00107591
88550 -8.33692e-06
88600 0.00309286
88650 -0.00185778
88700 -0.000436849
88750 0.000605562
88800 -0.000862335
88850 0.000473386
88900 0.00113122
88950 -0.000762356
89000 0.000758094
89050 0.00309286
89100 0.00113122
89150 -0.000373803
89200 0.00201896
89250 -0.00217938
89300 0.00157718
89350 0.00026662
89400 -0.0011144
89450 0.00165372
89500 -0.00108168
89550 -0.000487145
89600 -0.000186231
89650 0.00177768
89700 0.00032377
89750 -0.00136009
89800 0.00045542
89850 -0.000966045
89900 -8.33692e-06
89950 -0.00217938
90000 -0.00115379
90050 0.00161559
90100 -0.000487145
90150 -0.00121881
90200 -0.000721084
90250 0.00152737
90300 -0.00108168
90350 -0.00298961
90400 0.000354782
90450 -0.000862335
90500 0.00143354
90550 0.00217678
90600 0.000605562
90650 0.000184053
90700 0.000162023
90750 -0.000847268
90800 0.000455095
90850 0.000714904
90900 0.000434103
90950 -0.000198698
91000 0.00111024
91050 -0.000594111
91100 -0.000573158
91150 0.00107591
91200 -0.000823018
91250 0.00026662
91300 -0.000345271
91350 0.00157718
91400 -0.000823018
91450 0.00157718
91500 -0.00255739
91550 0.00177768
91600 0.00026662
91650 -0.00136009
91700 0.00290795
91750 -0.0010334
91800 -0.000762356
91850 0.00201896
91900 5.47911e-05
91950 -0.000112994
92000 -0.000847268
92050 0.000177519
92100 -0.000721084
92150 -0.000762356
92200 -0.00189068
92250 0.000354782
92300 -0.000393902
92350 -0.000552366
92400 0.00045542
92450 -0.00255739
92500 0.00165372
92550 0.00309286
92600 0.00084717
92650 0.00032377
92700 -0.000823018
92750 0.000354782
92800 0.000354782
92850 0.00084717
92900 0.000184053
92950 -0.000345271
93000 0.000186265
93050 -0.00231831
93100 -0.000852079
93150 -0.00174224
93200 0.00165372
93250 -0.000770155
93300 0.000493339
93350 -0.00174224
93400 0.0012804
93450 -0.00115379
93500 0.00157718
93550 -0.00115301
93600 -0.000399759
93650 0.000657318
93700 -0.00115301
93750 -0.0010334
93800 0.00177768
93850 0.00246735
93900 0.000657318
93950 0.00290795
94000 -0.000847268
94050 -0.00162251
94100 0.00140912
94150 -0.000852079
94200 0.00095829
94250 0.00290795
94300 -0.00121881
94350 -0.00228573
94400 -0.000131234
94450 -0.00133255
94500 0.00165372
94550 -0.000393902
94600 0.000925364
94650 0.000542501
94700 1.46122e-05
94750 0.00095829
94800 -0.000393902
94850 -9.29592e-05
94900 -0.000399759
94950 0.00026662
95000 -0.000770155
95050 0.00147352
95100 -9.29592e-05
95150 -0.000487145
95200 0.000473386
95250 -0.00298961
95300 -0.000762356
95350 -0.000198698
95400 -0.000186231
95450 -0.00162251
95500 0.00290795
95550 5.47911e-05
95600 -0.00231831
95650 -0.00133255
95700 0.000703092
95750 0.00165372
95800 -0.000425801
95850 -0.000131234
95900 0.00084717
95950 0.000186265
96000 -0.000393902
96050 0.000134934
96100 -0.00231831
96150 -0.00228573
96200 -0.000721084
96250 -8.33692e-06
96300 0.000493339
96350 -0.00174224
96400 0.00114009
96450 -0.002679
96500 -0.00115379
96550 0.00147352
96600 0.00165372
96650 0.00107591
96700 0.00113122
96750 -0.00136009
96800 -0.00298961
96850 -0.000186231
96900 -0.000425801
96950 0.00111024
97000 -0.00217938
97050 -0.00162251
97100 0.00152737
97150 0.000177519
97200 0.00177768
97250 0.000714904
97300 0.000510297
97350 -0.000487145
97400 -0.000862335
97450 -0.000770155
97500 -0.00185778
97550 0.00165372
97600 -0.00162251
97650 -0.000625107
97700 -0.000399759
97750 0.00177768
97800 -0.00255739
97850 0.000434103
97900 -0.000399759
97950 -0.000762356
98000 0.000162023
98050 -0.000966045
98100 -0.000373803
98150 0.00095829
98200 0.00045542
98250 -0.00115379
98300 -0.00217938
98350 0.00275412
98400 0.000605562
98450 0.000925364
98500 -0.000487145
98550 -0.00115301
98600 0.00290795
98650 -8.33692e-06
98700 0.00201896
98750 0.0012804
98800 -0.000425801
98850 -0.000852079
98900 5.47911e-05
98950 0.00157718
99000 1.46122e-05
99050 -0.00108168
99100 -0.000762356
99150 -0.000721084
99200 2.48567e-05
99250 0.000134934
99300 -0.000373803
99350 -0.00118816
99400 -0.00228573
99450 -0.002679
99500 -0.000552366
99550 -0.00115379
99600 -0.00255739
99650 0.00026662
99700 0.00161559
99750 0.000134934
99800 0.000605562
99850 -0.00228573
99900 -0.00133255
99950 0.000354782
