0 0.0004294
50 0.000179116
100 -0.000550259
150 -0.00107254
200 0.00146683
250 -0.000857141
300 0.00126227
350 0.00202413
400 -0.00107254
450 -0.000310394
500 0.00117709
550 -0.000310394
600 -0.000298895
650 -0.00168289
700 -0.000496044
750 0.000643876
800 -0.00107254
850 -0.00204942
900 -0.000760059
950 -0.000148996
1000 0.00271854
1050 -0.00262166
1100 -0.000625701
1150 0.000193232
1200 -0.00107254
1250 0.00121585
1300 0.00405497
1350 -0.00225613
1400 0.00166603
1450 0.0015884
1500 0.0015884
1550 0.00222764
1600 -2.05054e-05
1650 0.00160048
1700 0.00110969
1750 -2.86614e-05
1800 0.0017232
1850 0.00100321
1900 0.000193232
1950 -0.00188823
2000 0.00202413
2050 -0.000550259
2100 -0.00133948
2150 -0.00101816
2200 -0.00123547
2250 0.00160048
2300 -0.00183465
2350 0.000483339
2400 -0.00183465
2450 -0.000386766
2500 0.0017232
2550 -0.000747392
2600 0.00271854
2650 0.000179116
2700 -0.00183465
2750 -0.00232012
2800 -0.000306609
2850 0.00405497
2900 -8.4569e-05
2950 0.00405497
3000 -0.000563336
3050 0.00146683
3100 -0.00102125
3150 -0.000306609
3200 0.0013284
3250 -0.00250617
3300 0.00117709
3350 0.000483339
3400 -0.000620058
3450 -0.00188823
3500 -0.000449188
3550 0.00146683
3600 -0.000148996
3650 0.0013284
3700 -0.00337904
3750 0.00011059
3800 -0.00279292
3850 -0.00133948
3900 -0.00279292
3950 0.00193164
4000 7.35674e-05
4050 0.00048027
4100 -0.00101816
4150 0.00011059
4200 -0.00267408
4250 -0.00262166
4300 7.35674e-05
4350 0.00352503
4400 0.00405497
4450 -0.00262166
4500 -0.000449188
4550 0.00132754
4600 0.000572966
4650 0.00193164
4700 0.00405497
4750 0.00279803
4800 0.00126227
4850 0.00202413
4900 0.00048027
4950 0.00160048
5000 -0.000747392
5050 -0.000620058
5100 -0.000625701
5150 0.00069463
5200 0.000179116
5250 -0.000449188
5300 -0.00107254
5350 0.00228224
5400 -8.75032e-05
5450 0.0034148
5500 -0.00170513
5550 0.00193164
5600 0.000447686
5650 0.00149429
5700 0.00110969
5750 -2.86614e-05
5800 -0.00147082
5850 -0.00220655
5900 -0.000563336
5950 -0.00147082
6000 -0.000281956
6050 -0.00146919
6100 -0.000310394
6150 0.00115969
6200 0.000643876
6250 0.00193164
6300 -0.00204942
6350 -0.00225613
6400 0.00126227
6450 -2.81866e-05
6500 -0.00147082
6550 -0.00250617
6600 0.00100321
6650 -0.00133948
6700 0.00193164
6750 0.000179116
6800 -0.00101816
6850 0.000957863
6900 -0.000857141
6950 -0.00232012
7000 0.00222764
7050 -0.000310394
7100 0.0013284
7150 -8.75032e-05
7200 0.000572966
7250 0.00228224
7300 -2.81866e-05
7350 -0.00183465
7400 0.00352503
7450 -0.00250617
7500 0.00110969
7550 0.0015884
7600 -0.000563336
7650 4.82443e-05
7700 0.00279803
7750 -0.00144127
7800 -0.0008525
7850 -0.00168289
7900 -0.000625701
7950 7.2622e-05
8000 -0.000449188
8050 -0.00144569
8100 -0.00279292
8150 0.0004294
8200 -0.000760059
8250 -0.000298895
8300 -0.00152168
8350 0.00132754
8400 -0.000386766
8450 0.0015884
8500 -0.000298895
8550 0.000447686
8600 -0.00141265
8650 0.00048027
8700 -0.00220655
8750 0.000957863
8800 0.00352503
8850 -0.000298895
8900 -0.000760059
8950 0.00166603
9000 -0.00364607
9050 0.000926825
9100 0.00146683
9150 -0.00101816
9200 -8.75032e-05
9250 -0.00146919
9300 -0.00133948
9350 6.03541e-05
9400 0.00279803
9450 -0.00144127
9500 -0.000760059
9550 -0.00102125
9600 -0.00279292
9650 0.0021293
9700 0.00202413
9750 -0.0008525
9800 -0.0013715
9850 -0.00279292
9900 0.00112576
9950 0.00069463
10000 0.000354319
10050 0.00121585
10100 0.000354319
10150 -0.00364607
10200 -0.00220655
10250 0.00117709
10300 -0.00220655
10350 -0.00168289
10400 -0.0008525
10450 -0.00123547
10500 -0.000148996
10550 0.00048027
10600 -0.00250617
10650 0.00069463
10700 0.00104172
10750 0.000926825
10800 -0.000496044
10850 -0.00144127
10900 -0.00107254
10950 0.00166256
11000 -2.81866e-05
11050 -0.000449188
11100 -0.00262166
11150 -0.00220655
11200 -2.81866e-05
11250 0.000483339
11300 -0.00152168
11350 -0.00364607
11400 -0.000747392
11450 -0.000496044
11500 0.00166603
11550 0.00115969
11600 -9.77847e-05
11650 0.00193164
11700 -0.00146919
11750 -0.00250617
11800 -0.000310394
11850 -0.00225613
11900 7.2622e-05
11950 -0.000449188
12000 -0.000496044
12050 0.0034148
12100 -0.00141265
12150 -0.00141265
12200 0.000926825
12250 -0.000298895
12300 -9.77847e-05
12350 -0.0008525
12400 -2.81866e-05
12450 -0.000563336
12500 -0.00364607
12550 -0.00267408
12600 -8.75032e-05
12650 0.0015884
12700 0.000193232
12750 -0.000760059
12800 -8.4569e-05
12850 -0.00183465
12900 -0.00144569
12950 0.000179116
13000 0.000553904
13050 0.00222764
13100 0.00048027
13150 -0.00152168
13200 0.000354319
13250 -0.00152168
13300 0.00112576
13350 -0.00154883
13400 -8.75032e-05
13450 -0.00279292
13500 -0.000620058
13550 0.00334163
13600 -0.000496044
13650 -0.00267408
13700 0.00160048
13750 -0.000281956
13800 -0.000857141
13850 0.00166603
13900 -0.00133948
13950 0.00166256
14000 -9.77847e-05
14050 -2.05054e-05
14100 0.00121585
14150 -0.00279292
14200 -0.000857141
14250 -0.000620058
14300 0.00126227
14350 -0.000386766
14400 0.000957863
14450 -0.00101816
14500 0.00146683
14550 -0.000620058
14600 -0.00107254
14650 0.00069463
14700 0.00334163
14750 0.00104172
14800 0.00115969
14850 -0.00188823
14900 -0.00220655
14950 0.00112576
15000 0.00271854
15050 -0.000625701
15100 0.00048027
15150 -0.000760059
15200 -0.00225613
15250 -0.00101816
15300 0.000354319
15350 0.0021293
15400 -0.00250617
15450 0.00011059
15500 0.00069463
15550 -0.00123547
15600 -0.00141265
15650 0.00121585
15700 0.00149429
15750 -8.4569e-05
15800 0.0017232
15850 -0.000386766
15900 -0.00279292
15950 -0.00102125
16000 -0.00141265
16050 -0.00250617
16100 -0.00107254
16150 0.000354319
16200 -0.000550259
16250 -0.000550259
16300 -2.86614e-05
16350 7.35674e-05
16400 0.00222764
16450 -0.000563336
16500 -0.00250617
16550 -0.00262166
16600 -0.00147082
16650 0.00146683
16700 0.00146683
16750 0.00011059
16800 -0.000281956
16850 0.000447686
16900 -0.00204942
16950 0.00112576
17000 0.0021293
17050 -0.0013715
17100 0.00149429
17150 0.00011059
17200 -0.00204942
17250 -0.00232012
17300 -0.00144127
17350 0.00100321
17400 0.00222764
17450 -0.000449188
17500 -0.00133948
17550 0.00011939
17600 0.00228224
17650 -0.00123547
17700 -0.00107254
17750 -2.05054e-05
17800 0.00132754
17850 -0.0013715
17900 0.00100321
17950 -0.00188823
18000 -0.00107254
18050 -0.000620058
18100 -0.00250617
18150 0.00110969
18200 0.00121585
18250 -0.00250617
18300 0.00279803
18350 -0.00183465
18400 0.00228224
18450 -0.00220655
18500 0.00352503
18550 0.0013284
18600 0.00100321
18650 -0.00250617
18700 -0.00133948
18750 0.00222764
18800 0.00117709
18850 -0.00144569
18900 -0.00267408
18950 -0.0008525
19000 -0.00121287
19050 0.00166256
19100 0.00132754
19150 0.00126227
19200 -0.00279292
19250 -0.00154883
19300 0.00168376
19350 0.0017232
19400 -0.00204942
19450 -0.00279292
19500 0.00168376
19550 0.0015884
19600 -0.00262166
19650 0.000553904
19700 0.00166603
19750 -0.000496044
19800 0.00405497
19850 -0.00232012
19900 0.00352503
19950 -0.000760059
20000 0.00146683
20050 -0.00121287
20100 -0.000550259
20150 0.00166603
20200 0.0017232
20250 0.00279803
20300 0.00117709
20350 0.00121585
20400 0.000193232
20450 -0.0013715
20500 -0.00364607
20550 0.00100321
20600 0.00271854
20650 -0.00121287
20700 -0.000760059
20750 0.00121585
20800 7.35674e-05
20850 -8.75032e-05
20900 -0.00144569
20950 -0.00262166
21000 -0.00123547
21050 -0.00183465
21100 -0.00170513
21150 0.00112576
21200 -0.00364607
21250 0.000643876
21300 -0.00107254
21350 -0.00144569
21400 -0.00168289
21450 -0.000625701
21500 0.00202413
21550 -0.00337904
21600 0.00110969
21650 -0.000496044
21700 -9.77847e-05
21750 0.00168376
21800 -0.000386766
21850 4.82443e-05
21900 4.82443e-05
21950 -0.00232012
22000 -0.000857141
22050 0.00228224
22100 0.000193232
22150 -0.00101816
22200 0.00160048
22250 0.0021293
22300 0.00115969
22350 -0.000857141
22400 -0.000857141
22450 -0.00141265
22500 -0.000298895
22550 -0.00154883
22600 -0.00364607
22650 0.00202413
22700 0.00048027
22750 0.0034148
22800 -0.000550259
22850 -0.00250617
22900 -0.0008525
22950 0.00166603
23000 -0.000747392
23050 -0.00220655
23100 0.00271854
23150 0.000465192
23200 -0.00250617
23250 -0.000620058
23300 -2.05054e-05
23350 -0.00337904
23400 -0.00152168
23450 -0.00168289
23500 0.00115969
23550 -0.00364607
23600 -9.77847e-05
23650 -0.00144127
23700 -0.00207354
23750 0.000179116
23800 -0.00225613
23850 -0.00101816
23900 -8.4569e-05
23950 0.00160048
24000 0.000957863
24050 -0.00279292
24100 -0.000298895
24150 0.000465192
24200 -0.00123547
24250 0.00149429
24300 -0.00144127
24350 -8.4569e-05
24400 -8.75032e-05
24450 -0.00232012
24500 -0.00123547
24550 -2.05054e-05
24600 0.00334163
24650 0.0004294
24700 -0.000306609
24750 0.00334163
24800 0.0017232
24850 0.00166603
24900 -0.00232012
24950 0.0013284
25000 0.00117709
25050 -0.00107254
25100 -0.00107254
25150 -0.00183465
25200 -0.00279292
25250 -9.77847e-05
25300 0.00166256
25350 0.00011059
25400 -8.4569e-05
25450 -0.000281956
25500 -0.00144569
25550 0.00168376
25600 0.0017232
25650 -0.000563336
25700 0.000354319
25750 0.00193164
25800 -0.000550259
25850 -0.000625701
25900 0.00193164
25950 -0.00170513
26000 -0.000563336
26050 0.0004294
26100 -0.000148996
26150 0.000179116
26200 -0.00337904
26250 -0.000310394
26300 -0.00102125
26350 -0.00102125
26400 0.000193232
26450 -2.81866e-05
26500 -0.00188823
26550 -0.00154883
26600 -0.00220655
26650 -0.000281956
26700 -0.000550259
26750 -0.00133948
26800 -0.00141265
26850 -0.00337904
26900 0.00166256
26950 -0.00146919
27000 -0.00364607
27050 0.00110969
27100 -0.00152168
27150 0.000926825
27200 0.0004294
27250 0.00168376
27300 0.00104172
27350 0.000957863
27400 -0.00144127
27450 0.0015884
27500 -0.000306609
27550 0.00100321
27600 0.00352503
27650 0.00166603
27700 -0.00170513
27750 -8.75032e-05
27800 -0.000625701
27850 0.00112576
27900 0.0021293
27950 -0.000386766
28000 0.00334163
28050 -0.00141265
28100 0.00405497
28150 0.00132754
28200 -0.00141265
28250 -0.00102125
28300 0.00121585
28350 4.82443e-05
28400 0.000483339
28450 -0.00152168
28500 -0.00123547
28550 -0.0008525
28600 0.000354319
28650 -0.000449188
28700 0.00271854
28750 -0.000310394
28800 0.00048027
28850 0.0017232
28900 -0.00133948
28950 -2.86614e-05
29000 0.0017232
29050 -2.81866e-05
29100 -0.00141265
29150 -0.000857141
29200 -0.000550259
29250 0.0034148
29300 -0.00141265
29350 0.000483339
29400 0.00011939
29450 -0.00225613
29500 0.00117709
29550 4.82443e-05
29600 -8.75032e-05
29650 -0.000625701
29700 0.000572966
29750 -0.00101816
29800 4.82443e-05
29850 -0.00168289
29900 -0.00207354
29950 0.000465192
30000 0.000447686
30050 0.00405497
30100 0.000643876
30150 -0.000625701
30200 -0.00146919
30250 0.00100321
30300 0.00193164
30350 0.00011059
30400 -0.00207354
30450 -0.000550259
30500 -0.000620058
30550 0.000193232
30600 0.00166256
30650 0.000465192
30700 -0.000857141
30750 -0.000620058
30800 0.0004294
30850 0.00117709
30900 0.00048027
30950 0.00104172
31000 0.00132754
31050 -0.00232012
31100 0.00405497
31150 -0.00147082
31200 -0.000625701
31250 0.0004294
31300 -0.000310394
31350 -0.00207354
31400 -0.00183465
31450 0.00100321
31500 -0.00262166
31550 0.0004294
31600 4.82443e-05
31650 -0.000449188
31700 -0.00147082
31750 -8.75032e-05
31800 -0.0008525
31850 -0.00102125
31900 0.000926825
31950 -0.00144127
32000 0.00011059
32050 -0.00262166
32100 -8.75032e-05
32150 0.0034148
32200 -9.77847e-05
32250 6.03541e-05
32300 -0.00102125
32350 -0.00147082
32400 0.00048027
32450 0.0004294
32500 -0.000310394
32550 -0.000857141
32600 0.000354319
32650 0.00132754
32700 -0.00144569
32750 0.0015884
32800 -2.05054e-05
32850 -0.00144569
32900 0.000354319
32950 0.00166603
33000 0.00166256
33050 0.000483339
33100 -0.00225613
33150 -8.75032e-05
33200 -0.00101816
33250 -0.00102125
33300 0.00168376
33350 -0.000148996
33400 -0.00147082
33450 0.000354319
33500 -0.00225613
33550 -0.000281956
33600 0.00100321
33650 0.00132754
33700 0.000483339
33750 -0.00168289
33800 -0.00102125
33850 0.000957863
33900 -0.00146919
33950 -0.00364607
34000 -0.000620058
34050 -0.0008525
34100 -0.000310394
34150 -9.77847e-05
34200 -0.00154883
34250 -0.000563336
34300 -0.00262166
34350 7.2622e-05
34400 0.000957863
34450 0.0015884
34500 0.00110969
34550 0.0017232
34600 -0.00337904
34650 0.00166603
34700 0.00279803
34750 0.00222764
34800 -0.000550259
34850 0.0034148
34900 0.00193164
34950 0.00132754
35000 0.000957863
35050 -0.00101816
35100 -0.000310394
35150 0.00117709
35200 0.00126227
35250 -8.75032e-05
35300 -0.00337904
35350 0.00352503
35400 -0.000620058
35450 -0.00220655
35500 0.00193164
35550 0.0013284
35600 0.000643876
35650 0.00132754
35700 0.00352503
35750 0.00334163
35800 -0.000563336
35850 -0.00170513
35900 -0.00152168
35950 0.00166256
36000 -0.000857141
36050 0.000926825
36100 0.00110969
36150 -0.000310394
36200 -0.00146919
36250 0.00271854
36300 -0.00121287
36350 0.00168376
36400 -0.000760059
36450 -0.00154883
36500 -0.00154883
36550 0.00048027
36600 0.0021293
36650 -8.75032e-05
36700 0.000572966
36750 0.000643876
36800 -0.0008525
36850 -0.000620058
36900 0.00146683
36950 -0.00232012
37000 0.0013284
37050 0.00126227
37100 -0.00337904
37150 0.00126227
37200 -0.00220655
37250 -0.00107254
37300 0.0015884
37350 -0.000310394
37400 0.00271854
37450 0.00132754
37500 0.000465192
37550 0.00132754
37600 0.000926825
37650 -0.000620058
37700 -0.00144569
37750 -8.4569e-05
37800 0.000643876
37850 0.00126227
37900 -0.00207354
37950 -0.00133948
38000 0.00011939
38050 0.0004294
38100 0.00132754
38150 -0.00123547
38200 -0.000747392
38250 -0.000625701
38300 -0.00225613
38350 -0.00168289
38400 -0.000747392
38450 -9.77847e-05
38500 -0.00168289
38550 0.000447686
38600 0.00011939
38650 0.0034148
38700 0.00271854
38750 -0.00107254
38800 0.00104172
38850 0.000354319
38900 0.00160048
38950 -0.00102125
39000 -0.000760059
39050 4.82443e-05
39100 -0.00337904
39150 0.00193164
39200 0.00334163
39250 -0.000310394
39300 -0.00101816
39350 0.0013284
39400 0.00104172
39450 -0.00102125
39500 0.00121585
39550 -0.00168289
39600 -0.000306609
39650 0.00279803
39700 0.000483339
39750 0.00126227
39800 0.00279803
39850 -0.000625701
39900 0.000926825
39950 0.00271854
40000 0.00146683
40050 0.00405497
40100 0.0034148
40150 0.00112576
40200 -0.00262166
40250 -0.00279292
40300 0.00011939
40350 0.000483339
40400 6.03541e-05
40450 0.00228224
40500 0.0034148
40550 0.000643876
40600 -0.000310394
40650 4.82443e-05
40700 -0.000563336
40750 4.82443e-05
40800 0.0015884
40850 -0.00170513
40900 0.000553904
40950 0.00166256
41000 0.00011059
41050 -0.000449188
41100 0.000193232
41150 0.000193232
41200 0.00011059
41250 -0.00141265
41300 -0.00170513
41350 6.03541e-05
41400 -0.00147082
41450 -0.00220655
41500 0.0017232
41550 0.00146683
41600 0.00168376
41650 -0.00262166
41700 0.0034148
41750 0.00166603
41800 0.000483339
41850 -0.00146919
41900 -0.000310394
41950 -0.00279292
42000 0.00202413
42050 0.00166256
42100 0.00146683
42150 0.00352503
42200 -9.77847e-05
42250 0.00115969
42300 -0.000281956
42350 0.0034148
42400 0.00104172
42450 -0.00267408
42500 0.00011939
42550 0.0021293
42600 -0.00188823
42650 -0.000620058
42700 0.0034148
42750 0.00115969
42800 -0.000857141
42850 -0.000306609
42900 -0.00146919
42950 -0.000550259
43000 0.00228224
43050 0.000572966
43100 -0.00170513
43150 -9.77847e-05
43200 -0.00152168
43250 -0.00279292
43300 0.00271854
43350 6.03541e-05
43400 -0.00123547
43450 -0.000620058
43500 -0.00204942
43550 -0.00337904
43600 0.00048027
43650 0.0004294
43700 -8.75032e-05
43750 -0.00123547
43800 0.000926825
43850 0.00352503
43900 -0.00232012
43950 -0.000496044
44000 -0.0008525
44050 0.00115969
44100 0.000483339
44150 -0.00279292
44200 0.00104172
44250 -0.00204942
44300 0.000483339
44350 0.00168376
44400 0.000926825
44450 -0.00207354
44500 0.0013284
44550 -0.000310394
44600 0.00166256
44650 0.0015884
44700 -0.000496044
44750 0.00110969
44800 0.00146683
44850 0.000553904
44900 4.82443e-05
44950 -0.000747392
45000 -0.00101816
45050 0.00228224
45100 -0.00220655
45150 -0.0008525
45200 -0.00204942
45250 0.000179116
45300 -0.00123547
45350 0.00146683
45400 0.0034148
45450 -0.000310394
45500 -0.00225613
45550 -9.77847e-05
45600 0.00121585
45650 0.00115969
45700 0.00104172
45750 0.000447686
45800 -0.000496044
45850 0.00222764
45900 -0.00154883
45950 -0.000857141
46000 0.000354319
46050 0.000447686
46100 -0.00144127
46150 7.2622e-05
46200 -0.00133948
46250 0.00405497
46300 -2.86614e-05
46350 -0.00232012
46400 0.000465192
46450 0.00121585
46500 -0.00364607
46550 0.000465192
46600 0.00048027
46650 -0.00225613
46700 -0.00144569
46750 -0.00364607
46800 -0.000306609
46850 -0.00204942
46900 0.00104172
46950 -0.00133948
47000 -0.00121287
47050 -0.000550259
47100 0.00104172
47150 0.000193232
47200 -0.00133948
47250 0.000572966
47300 0.00048027
47350 0.000483339
47400 0.00104172
47450 0.000643876
47500 0.00228224
47550 0.00110969
47600 -0.00188823
47650 0.00149429
47700 0.00271854
47750 0.0017232
47800 -0.00141265
47850 0.00069463
47900 0.00115969
47950 0.00126227
48000 -0.00188823
48050 -0.00144127
48100 0.00110969
48150 -0.00337904
48200 0.00011059
48250 -0.000298895
48300 -0.00337904
48350 0.0013284
48400 -0.0008525
48450 -0.000148996
48500 0.00271854
48550 0.00146683
48600 -0.000747392
48650 -0.00267408
48700 0.000483339
48750 -0.000148996
48800 0.00405497
48850 0.00149429
48900 -0.000386766
48950 0.000447686
49000 0.00132754
49050 0.0013284
49100 -8.4569e-05
49150 0.00011059
49200 -8.4569e-05
49250 0.00121585
49300 -0.000760059
49350 -0.00204942
49400 4.82443e-05
49450 -0.000306609
49500 0.00115969
49550 0.00048027
49600 -0.000148996
49650 -0.000386766
49700 0.00279803
49750 -2.05054e-05
49800 -0.00154883
49850 -0.000550259
49900 0.000553904
49950 -0.00141265
50000 -8.4569e-05
50050 0.00160048
50100 -0.00147082
50150 0.00011939
50200 0.00112576
50250 -8.75032e-05
50300 -0.00107254
50350 0.000957863
50400 -0.00188823
50450 0.0021293
50500 -2.81866e-05
50550 0.000193232
50600 -0.00188823
50650 0.00149429
50700 -0.00204942
50750 -0.000563336
50800 0.00146683
50850 -0.00183465
50900 0.0004294
50950 0.00132754
51000 0.00011939
51050 -0.00144127
51100 6.03541e-05
51150 -0.00220655
51200 0.0013284
51250 -8.4569e-05
51300 0.0034148
51350 0.00104172
51400 -0.00121287
51450 -9.77847e-05
51500 -0.00144127
51550 -0.00121287
51600 -0.00170513
51650 0.00352503
51700 0.00112576
51750 -0.000620058
51800 -0.000449188
51850 0.00352503
51900 0.00117709
51950 0.0021293
52000 0.00069463
52050 0.00121585
52100 0.00334163
52150 0.00222764
52200 -0.000625701
52250 -0.00121287
52300 -0.000550259
52350 0.00146683
52400 -0.00262166
52450 -0.00183465
52500 -0.000760059
52550 0.00011059
52600 -0.000449188
52650 0.0004294
52700 -0.00207354
52750 0.0034148
52800 -0.000620058
52850 -0.000620058
52900 -0.0013715
52950 -0.000281956
53000 0.000354319
53050 0.00126227
53100 -0.00123547
53150 0.00112576
53200 -0.000306609
53250 -0.00123547
53300 0.000957863
53350 0.00100321
53400 0.0013284
53450 0.00132754
53500 0.000553904
53550 -0.00168289
53600 -0.000620058
53650 0.000179116
53700 0.00279803
53750 0.000193232
53800 -0.000625701
53850 -0.00232012
53900 -0.00102125
53950 6.03541e-05
54000 0.000926825
54050 -0.0013715
54100 -0.00225613
54150 0.0034148
54200 -0.00183465
54250 0.00117709
54300 0.00132754
54350 0.00011059
54400 0.00132754
54450 0.000572966
54500 -2.81866e-05
54550 -0.0008525
54600 0.0017232
54650 0.00202413
54700 -0.00170513
54750 -0.000281956
54800 -8.75032e-05
54850 0.00112576
54900 -0.00133948
54950 0.000957863
55000 0.00117709
55050 0.0015884
55100 0.00121585
55150 -0.00144127
55200 -0.00267408
55250 0.00069463
55300 0.00222764
55350 0.00011939
55400 0.0015884
55450 -0.000306609
55500 0.00121585
55550 0.00228224
55600 -0.000281956
55650 0.00132754
55700 0.000572966
55750 -0.00123547
55800 -0.00170513
55850 0.00104172
55900 0.00202413
55950 0.0004294
56000 -0.00250617
56050 -0.000563336
56100 0.00168376
56150 -0.000747392
56200 4.82443e-05
56250 4.82443e-05
56300 0.00222764
56350 0.00115969
56400 0.00228224
56450 -0.00133948
56500 0.000354319
56550 0.00168376
56600 0.00228224
56650 -0.00141265
56700 -0.00121287
56750 -0.00220655
56800 -0.00168289
56850 0.000957863
56900 -0.00107254
56950 0.00011939
57000 -0.00154883
57050 0.000553904
57100 -0.00262166
57150 -0.00183465
57200 -0.00107254
57250 -9.77847e-05
57300 0.00100321
57350 0.00126227
57400 -0.00170513
57450 -0.00147082
57500 0.000354319
57550 -2.81866e-05
57600 -0.000563336
57650 0.00048027
57700 -0.000625701
57750 0.00112576
57800 0.00069463
57850 -0.00147082
57900 -0.000310394
57950 -0.000281956
58000 0.000354319
58050 0.00112576
58100 0.000957863
58150 -0.00146919
58200 0.000193232
58250 -0.00107254
58300 -0.00144127
58350 -2.05054e-05
58400 -2.05054e-05
58450 0.00115969
58500 0.0013284
58550 -0.00154883
58600 -0.0013715
58650 0.00069463
58700 0.00271854
58750 -2.81866e-05
58800 -0.000760059
58850 -0.000449188
58900 0.00160048
58950 0.00160048
59000 0.000553904
59050 0.000179116
59100 0.00117709
59150 -0.000496044
59200 -0.00154883
59250 -0.000563336
59300 0.000572966
59350 0.00126227
59400 0.00115969
59450 -0.00101816
59500 0.000193232
59550 -0.000747392
59600 -0.0013715
59650 0.00168376
59700 0.000553904
59750 -8.75032e-05
59800 4.82443e-05
59850 0.00110969
59900 0.0021293
59950 0.000483339
60000 0.00222764
60050 0.00110969
60100 0.00048027
60150 0.0015884
60200 -0.00121287
60250 -0.00364607
60300 0.00334163
60350 0.00271854
60400 -0.00262166
60450 -0.00133948
60500 -0.00101816
60550 0.000926825
60600 -0.000496044
60650 0.00166256
60700 0.0015884
60750 -0.00262166
60800 0.00112576
60850 -0.000496044
60900 0.00222764
60950 -0.00204942
61000 -0.000760059
61050 0.00334163
61100 -0.00188823
61150 0.000193232
61200 -0.00207354
61250 0.00202413
61300 -0.000620058
61350 -0.00144127
61400 0.000465192
61450 0.00334163
61500 0.00121585
61550 -0.00225613
61600 -0.00107254
61650 -0.00170513
61700 0.00011939
61750 -0.00107254
61800 -0.00141265
61850 -0.000620058
61900 -0.00225613
61950 -0.000550259
62000 0.000957863
62050 0.00117709
62100 -2.81866e-05
62150 -0.000148996
62200 -0.000281956
62250 -0.00154883
62300 0.00279803
62350 -9.77847e-05
62400 -0.000857141
62450 7.2622e-05
62500 0.0015884
62550 0.00112576
62600 -0.00204942
62650 0.000447686
62700 0.000643876
62750 -0.000310394
62800 -0.00267408
62850 -8.75032e-05
62900 -0.000306609
62950 0.00011059
63000 -0.00168289
63050 0.00271854
63100 0.00193164
63150 0.00334163
63200 -0.00207354
63250 0.00069463
63300 0.0015884
63350 0.00166603
63400 -0.000857141
63450 -8.75032e-05
63500 0.00112576
63550 -8.4569e-05
63600 -0.00262166
63650 0.00110969
63700 -0.000857141
63750 -0.00267408
63800 -0.00168289
63850 0.00222764
63900 7.35674e-05
63950 0.000572966
64000 0.0021293
64050 -0.00207354
64100 0.00279803
64150 0.00048027
64200 -0.00225613
64250 -0.000386766
64300 -0.00220655
64350 0.00132754
64400 0.00193164
64450 0.00132754
64500 0.000572966
64550 -0.00144127
64600 -0.000310394
64650 0.000572966
64700 -0.000625701
64750 0.00117709
64800 -0.00147082
64850 -0.000148996
64900 -0.000857141
64950 0.000572966
65000 -0.000563336
65050 0.000572966
65100 -0.00207354
65150 0.00115969
65200 0.00279803
65250 -0.00102125
65300 0.00334163
65350 0.00104172
65400 0.00149429
65450 -0.00267408
65500 0.000957863
65550 -0.00107254
65600 0.00222764
65650 0.00166256
65700 0.000465192
65750 0.0034148
65800 0.00202413
65850 7.2622e-05
65900 -0.0008525
65950 -0.000298895
66000 -0.00207354
66050 0.00166603
66100 0.0021293
66150 -0.00364607
66200 -0.00133948
66250 0.0017232
66300 -0.00337904
66350 0.00193164
66400 0.0015884
66450 -0.0013715
66500 0.00222764
66550 7.35674e-05
66600 6.03541e-05
66650 -0.00154883
66700 -0.000148996
66750 -0.000760059
66800 -0.00170513
66850 7.35674e-05
66900 -0.000760059
66950 0.000447686
67000 0.000179116
67050 0.00279803
67100 0.000553904
67150 0.000553904
67200 -0.000449188
67250 0.00166603
67300 -8.75032e-05
67350 0.0013284
67400 -2.05054e-05
67450 -0.00133948
67500 0.00222764
67550 0.000957863
67600 -0.00220655
67650 -0.0008525
67700 0.00405497
67750 0.00132754
67800 -9.77847e-05
67850 -0.00146919
67900 0.00202413
67950 -0.00154883
68000 0.00132754
68050 0.00334163
68100 -2.05054e-05
68150 -2.86614e-05
68200 -0.000148996
68250 0.000483339
68300 0.000572966
68350 7.35674e-05
68400 -0.0008525
68450 0.000483339
68500 -0.00133948
68550 -0.00207354
68600 0.000572966
68650 -0.000298895
68700 0.00126227
68750 -0.00144569
68800 -0.00170513
68850 0.00048027
68900 -0.0013715
68950 -0.00152168
69000 -2.81866e-05
69050 0.000643876
69100 6.03541e-05
69150 0.00334163
69200 0.0015884
69250 0.00146683
69300 -0.00337904
69350 0.00112576
69400 -0.00267408
69450 -0.00337904
69500 0.00166256
69550 0.000572966
69600 -0.00123547
69650 0.00146683
69700 -0.00225613
69750 6.03541e-05
69800 -0.00170513
69850 -0.00107254
69900 0.000193232
69950 -0.00141265
70000 -0.000550259
70050 6.03541e-05
70100 -0.00101816
70150 0.00048027
70200 -0.000449188
70250 -2.86614e-05
70300 -0.00188823
70350 -0.00144569
70400 0.00146683
70450 -0.00267408
70500 0.00202413
70550 -0.00364607
70600 -0.00133948
70650 -0.000760059
70700 -0.00154883
70750 4.82443e-05
70800 -0.000550259
70850 0.0015884
70900 7.2622e-05
70950 -0.000625701
71000 0.00048027
71050 -0.00133948
71100 0.00011059
71150 -2.86614e-05
71200 -0.000760059
71250 -0.00102125
71300 0.00132754
71350 -0.00123547
71400 -0.000298895
71450 -0.00107254
71500 -0.00144569
71550 0.000447686
71600 -0.000563336
71650 0.00112576
71700 0.0004294
71750 -0.00250617
71800 0.00011059
71850 -0.00232012
71900 -2.86614e-05
71950 0.00166603
72000 0.000179116
72050 -0.00147082
72100 0.00271854
72150 0.00011939
72200 0.000179116
72250 0.000179116
72300 0.00202413
72350 -0.00154883
72400 0.00168376
72450 -0.00144127
72500 -0.000620058
72550 -0.000625701
72600 0.00112576
72650 -0.00170513
72700 0.00160048
72750 -0.000563336
72800 -0.000857141
72850 -0.000281956
72900 0.000193232
72950 -0.000298895
73000 -0.00141265
73050 0.00112576
73100 0.00011059
73150 -0.000747392
73200 -0.00152168
73250 -0.00107254
73300 0.0017232
73350 -2.05054e-05
73400 0.0015884
73450 -0.00337904
73500 0.00100321
73550 -0.00204942
73600 0.00126227
73650 -0.000747392
73700 0.00048027
73750 -0.000550259
73800 0.00149429
73850 0.0021293
73900 0.00166603
73950 0.000354319
74000 0.000447686
74050 -0.0013715
74100 -2.86614e-05
74150 -0.000386766
74200 -0.000747392
74250 -0.00262166
74300 0.00117709
74350 0.00202413
74400 0.000483339
74450 0.00168376
74500 0.0021293
74550 -0.000449188
74600 -0.00220655
74650 0.00222764
74700 0.00279803
74750 0.0015884
74800 0.00011939
74850 -0.00154883
74900 -0.000760059
74950 0.000465192
75000 -0.00154883
75050 0.0021293
75100 -0.00154883
75150 0.00132754
75200 -0.00144127
75250 0.0015884
75300 -0.000857141
75350 0.00222764
75400 0.0017232
75450 0.00126227
75500 0.00149429
75550 -0.00147082
75600 0.000193232
75650 -0.00144127
75700 -8.4569e-05
75750 -0.00154883
75800 -0.00144569
75850 0.00168376
75900 -0.00144127
75950 0.0017232
76000 0.00166603
76050 -0.00102125
76100 0.00146683
76150 -0.00220655
76200 -0.000747392
76250 7.2622e-05
76300 4.82443e-05
76350 -0.00183465
76400 -0.00262166
76450 -0.000760059
76500 -0.00146919
76550 0.000553904
76600 -0.00250617
76650 0.00146683
76700 0.000572966
76750 0.000926825
76800 0.00160048
76850 0.000465192
76900 0.000957863
76950 0.000926825
77000 -0.00364607
77050 0.00011939
77100 -0.00207354
77150 -0.00133948
77200 0.00352503
77250 0.0004294
77300 -0.00279292
77350 -0.00220655
77400 -0.00154883
77450 0.00193164
77500 4.82443e-05
77550 -0.000449188
77600 0.00405497
77650 -0.00188823
77700 -9.77847e-05
77750 -0.00232012
77800 -0.00188823
77850 -2.05054e-05
77900 -0.00101816
77950 0.00110969
78000 0.0015884
78050 -0.000306609
78100 0.00149429
78150 0.000447686
78200 0.00193164
78250 -0.000857141
78300 0.00104172
78350 -2.86614e-05
78400 -9.77847e-05
78450 -0.00207354
78500 -0.00220655
78550 -0.00279292
78600 -0.00250617
78650 7.2622e-05
78700 0.000926825
78750 0.000193232
78800 0.00168376
78850 -0.00207354
78900 -0.00154883
78950 -0.000449188
79000 -9.77847e-05
79050 -0.000449188
79100 -0.00183465
79150 0.00222764
79200 -0.000310394
79250 0.00132754
79300 -0.00232012
79350 -0.000550259
79400 -0.00168289
79450 0.000572966
79500 7.2622e-05
79550 0.00222764
79600 -8.4569e-05
79650 -0.00220655
79700 -0.00144127
79750 -0.00123547
79800 -0.000625701
79850 -0.000298895
79900 0.00202413
79950 0.0015884
80000 -0.000281956
80050 -0.000747392
80100 -0.000620058
80150 0.00334163
80200 6.03541e-05
80250 0.00146683
80300 0.00222764
80350 -0.00141265
80400 0.00279803
80450 -0.00204942
80500 6.03541e-05
80550 -0.00133948
80600 0.000643876
80650 -0.00123547
80700 -8.4569e-05
80750 -0.00101816
80800 0.00334163
80850 -0.00188823
80900 0.000354319
80950 -0.000620058
81000 0.00193164
81050 -0.00364607
81100 -8.4569e-05
81150 -0.000281956
81200 0.0015884
81250 -0.000625701
81300 -2.05054e-05
81350 -0.00204942
81400 -0.00144569
81450 0.00279803
81500 0.000465192
81550 -0.00220655
81600 0.00168376
81650 0.000572966
81700 -2.86614e-05
81750 -0.000760059
81800 -8.75032e-05
81850 -0.00225613
81900 6.03541e-05
81950 0.00115969
82000 0.00121585
82050 -0.00225613
82100 -0.000620058
82150 -0.00225613
82200 -0.000386766
82250 0.00149429
82300 0.000483339
82350 0.000957863
82400 -8.75032e-05
82450 0.0021293
82500 0.00334163
82550 0.00126227
82600 0.00352503
82650 -0.00364607
82700 -2.05054e-05
82750 0.00011939
82800 -0.000386766
82850 -0.00250617
82900 -0.00141265
82950 0.00048027
83000 0.00222764
83050 -0.00232012
83100 -0.00364607
83150 -0.000496044
83200 0.0034148
83250 -0.00337904
83300 0.00193164
83350 4.82443e-05
83400 -0.000306609
83450 0.00132754
83500 -0.00146919
83550 0.00117709
83600 -0.00147082
83650 0.00334163
83700 -0.000281956
83750 0.00352503
83800 0.000465192
83850 6.03541e-05
83900 0.0015884
83950 -0.0008525
84000 7.2622e-05
84050 0.00193164
84100 0.000465192
84150 0.00271854
84200 -0.00267408
84250 0.00149429
84300 0.00166256
84350 -0.00101816
84400 0.00132754
84450 -0.00141265
84500 7.2622e-05
84550 0.00160048
84600 0.00011939
84650 -0.00168289
84700 0.00011939
84750 0.00117709
84800 0.00334163
84850 0.00126227
84900 -0.00146919
84950 0.0034148
85000 -0.00220655
85050 0.00104172
85100 -0.000857141
85150 -0.00337904
85200 -0.00204942
85250 -0.00144127
85300 -0.00144127
85350 -0.00183465
85400 0.00279803
85450 -0.00250617
85500 0.0004294
85550 0.00011059
85600 -0.000386766
85650 0.000643876
85700 -0.000625701
85750 0.00126227
85800 -0.000563336
85850 -0.0008525
85900 -0.00183465
85950 -0.000620058
86000 -0.00170513
86050 0.00193164
86100 -0.000310394
86150 -0.00204942
86200 0.00405497
86250 0.00160048
86300 -0.00154883
86350 -0.000747392
86400 -0.00147082
86450 -0.00147082
86500 0.00202413
86550 -0.00133948
86600 -0.000449188
86650 0.00132754
86700 0.0017232
86750 0.00168376
86800 0.00011059
86850 -0.00188823
86900 -0.00207354
86950 -0.00337904
87000 0.000447686
87050 -8.4569e-05
87100 0.00160048
87150 -0.000386766
87200 -0.00232012
87250 0.0004294
87300 -0.00144569
87350 -0.000625701
87400 -0.00168289
87450 0.0021293
87500 -0.00144569
87550 -0.00101816
87600 4.82443e-05
87650 -0.00262166
87700 0.00011059
87750 -0.000148996
87800 0.00069463
87850 0.00222764
87900 0.00149429
87950 0.00126227
88000 0.00405497
88050 0.00104172
88100 -0.000857141
88150 0.00352503
88200 -0.00220655
88250 0.00146683
88300 -0.000281956
88350 -0.00267408
88400 4.82443e-05
88450 -0.00107254
88500 0.0034148
88550 0.00115969
88600 0.00202413
88650 0.00110969
88700 -0.00220655
88750 -0.00183465
88800 0.00166603
88850 -0.00207354
88900 0.000572966
88950 0.000643876
89000 -8.4569e-05
89050 0.000179116
89100 -0.00101816
89150 -0.00133948
89200 0.00126227
89250 0.0015884
89300 -8.4569e-05
89350 -0.00147082
89400 -0.00250617
89450 -0.00133948
89500 0.000179116
89550 -0.00141265
89600 -0.0013715
89650 -0.000281956
89700 6.03541e-05
89750 -0.000550259
89800 0.00048027
89850 7.2622e-05
89900 0.00193164
89950 -0.000625701
90000 -0.000550259
90050 0.00271854
90100 -0.00152168
90150 0.00202413
90200 0.00279803
90250 0.00104172
90300 -0.0008525
90350 0.00334163
90400 -0.00144127
90450 -0.00250617
90500 0.000179116
90550 -0.00267408
90600 -0.00121287
90650 0.000483339
90700 0.00228224
90750 -0.00250617
90800 -0.00225613
90850 0.0034148
90900 -0.000496044
90950 0.00166603
91000 0.00352503
91050 0.00100321
91100 4.82443e-05
91150 -0.00141265
91200 0.00132754
91250 -0.000386766
91300 -0.00225613
91350 0.00168376
91400 -0.000306609
91450 -9.77847e-05
91500 0.00115969
91550 0.000572966
91600 0.000483339
91650 -0.00188823
91700 -0.00144127
91750 -0.00133948
91800 -2.81866e-05
91850 -8.4569e-05
91900 -0.00364607
91950 -0.00147082
92000 -0.000298895
92050 -0.00141265
92100 -0.00188823
92150 0.000465192
92200 0.00112576
92250 -0.000449188
92300 0.00104172
92350 0.00011059
92400 0.0034148
92450 0.000926825
92500 0.0013284
92550 -0.00101816
92600 -0.000148996
92650 -0.000281956
92700 0.000465192
92750 -0.00220655
92800 -0.000620058
92850 0.00110969
92900 -0.0008525
92950 -2.05054e-05
93000 0.00110969
93050 0.000483339
93100 0.00110969
93150 0.000553904
93200 -0.00152168
93250 -0.000298895
93300 -0.00279292
93350 -0.000281956
93400 -2.86614e-05
93450 -0.000857141
93500 -0.0013715
93550 -0.00250617
93600 0.00168376
93650 0.00160048
93700 -0.00154883
93750 -2.05054e-05
93800 0.000643876
93850 -0.00152168
93900 0.00279803
93950 -8.4569e-05
94000 0.000354319
94050 -0.00133948
94100 -0.00262166
94150 -8.75032e-05
94200 0.000572966
94250 0.00115969
94300 6.03541e-05
94350 -0.00144127
94400 -0.000563336
94450 0.000926825
94500 -8.4569e-05
94550 -9.77847e-05
94600 0.00193164
94650 -0.000449188
94700 0.000483339
94750 -0.00337904
94800 -0.00364607
94850 -0.00183465
94900 0.0004294
94950 -0.00121287
95000 -2.81866e-05
95050 0.000193232
95100 0.00166256
95150 0.000465192
95200 -0.00337904
95250 0.000179116
95300 -0.000310394
95350 4.82443e-05
95400 0.00228224
95450 0.0017232
95500 0.00117709
95550 -0.000857141
95600 0.00352503
95650 0.00193164
95700 4.82443e-05
95750 -0.00188823
95800 -0.00102125
95850 0.00405497
95900 7.35674e-05
95950 -0.000747392
96000 6.03541e-05
96050 -2.05054e-05
96100 0.00112576
96150 -0.000298895
96200 -0.000620058
96250 -0.00279292
96300 -2.05054e-05
96350 -0.00144569
96400 -0.00170513
96450 -0.0013715
96500 -0.000386766
96550 -0.000550259
96600 0.000193232
96650 0.00202413
96700 -8.75032e-05
96750 0.0034148
96800 -9.77847e-05
96850 -0.00133948
96900 0.00279803
96950 -0.00279292
97000 0.00121585
97050 0.0017232
97100 -0.0008525
97150 -0.00204942
97200 4.82443e-05
97250 0.000465192
97300 0.00110969
97350 -0.00188823
97400 -0.00262166
97450 0.00121585
97500 0.00146683
97550 0.0021293
97600 0.00166256
97650 -0.00121287
97700 -2.81866e-05
97750 -0.00204942
97800 -0.00225613
97850 -0.000310394
97900 -0.00232012
97950 0.000354319
98000 -0.00220655
98050 -0.000306609
98100 -2.86614e-05
98150 0.000179116
98200 -0.000620058
98250 0.00104172
98300 -0.000281956
98350 -0.00102125
98400 -0.000747392
98450 0.0017232
98500 -0.00121287
98550 -0.000281956
98600 0.000354319
98650 0.00100321
98700 -2.86614e-05
98750 -0.00279292
98800 0.0013284
98850 -0.000449188
98900 0.00271854
98950 -0.00337904
99000 -0.00188823
99050 4.82443e-05
99100 -0.00107254
99150 -0.000563336
99200 0.00405497
99250 -0.000298895
99300 -0.00188823
99350 0.0021293
99400 -0.000449188
99450 -8.75032e-05
99500 -0.00147082
99550 7.2622e-05
99600 0.00222764
99650 -8.4569e-05
99700 0.00069463
99750 -0.000496044
99800 0.0021293
99850 -0.000760059
99900 -0.00262166
99950 0.00334163
