0 -0.00261966
50 -0.000165787
100 0.00129142
150 0.00246823
200 -0.0008504
250 0.00325265
300 -0.00259998
350 0.000373837
400 0.000806141
450 0.000681117
500 0.000173218
550 0.000337779
600 0.000529346
650 -0.00261754
700 -0.00207388
750 0.00331258
800 -0.00109029
850 -0.00387594
900 0.00456128
950 -0.000985652
1000 0.0028666
1050 -0.00179982
1100 -0.00163948
1150 0.0011805
1200 -0.000236518
1250 0.002103
1300 -0.0012243
1350 -0.0008504
1400 0.00136129
1450 -0.00182179
1500 0.00585524
1550 0.000689488
1600 0.00058917
1650 0.000868104
1700 0.00331258
1750 0.00585524
1800 0.00111407
1850 0.000442821
1900 -0.000921373
1950 -0.000432984
2000 -0.00150051
2050 0.00280821
2100 -0.000687239
2150 0.00456128
2200 -0.00322893
2250 0.0028666
2300 -0.00119688
2350 0.00280821
2400 -0.000886507
2450 -0.000666951
2500 -0.00252828
2550 -0.00290489
2600 -0.00116639
2650 0.000846988
2700 0.00142842
2750 -0.00163948
2800 -0.00119688
2850 -0.00188747
2900 -0.0012243
2950 0.00170925
3000 0.000529346
3050 -0.000432984
3100 0.000151454
3150 -0.00163948
3200 0.000778767
3250 0.000442821
3300 -0.000666951
3350 -0.00207463
3400 0.000778767
3450 -0.00188747
3500 0.00136129
3550 -0.00118853
3600 -0.000666951
3650 -0.000960058
3700 0.00294233
3750 0.000337779
3800 -0.000687239
3850 0.00294233
3900 -0.000921373
3950 0.000337779
4000 -0.00466671
4050 -0.00155271
4100 0.00062128
4150 -0.000432984
4200 -0.000680689
4250 0.002103
4300 0.000151454
4350 -0.0008504
4400 0.000406864
4450 -0.00281761
4500 0.000699185
4550 -0.00207388
4600 -0.00135988
4650 0.0016062
4700 0.0019276
4750 0.000951465
4800 -0.00116639
4850 0.00456128
4900 -0.000568199
4950 0.000578676
5000 0.0016062
5050 -0.000568199
5100 -0.00118853
5150 -0.00261754
5200 0.000806141
5250 0.000778767
5300 -0.000562001
5350 0.0011805
5400 0.00058917
5450 0.00130423
5500 0.00058917
5550 -0.0022129
5600 0.00246823
5650 0.002103
5700 -0.00182179
5750 0.00245227
5800 -0.00466671
5850 0.000337779
5900 0.00346801
5950 0.000529346
6000 -0.000886507
6050 0.002103
6100 0.00298063
6150 0.002103
6200 -0.000680689
6250 0.00150733
6300 -0.00307826
6350 -0.000568199
6400 0.000868104
6450 0.00393506
6500 0.00178672
6550 -0.00322893
6600 0.00399123
6650 0.00246823
6700 0.00062128
6750 0.000481156
6800 0.000373837
6850 9.79639e-05
6900 -0.00387594
6950 -0.00207463
7000 -0.00387594
7050 0.00129142
7100 0.0016062
7150 0.0011805
7200 0.00280821
7250 0.000778767
7300 0.00142842
7350 0.00136129
7400 -0.00252828
7450 0.00298063
7500 -0.00372635
7550 -0.0022129
7600 -0.000502172
7650 0.0016062
7700 -0.00206872
7750 0.00294233
7800 -0.0012243
7850 -0.000886507
7900 0.00298063
7950 0.00142842
8000 -0.00119688
8050 0.000699185
8100 -0.000165787
8150 -0.00135988
8200 -0.000680689
8250 -0.00179982
8300 0.0016062
8350 0.00058917
8400 0.000681117
8450 -0.000666951
8500 0.002103
8550 -0.00150051
8600 -0.000175308
8650 0.00246823
8700 -0.00207388
8750 -0.000978711
8800 0.0016062
8850 -0.00409833
8900 0.00331258
8950 -0.00150051
9000 -0.00118853
9050 0.00130423
9100 0.00130423
9150 -0.00252828
9200 -0.000921373
9250 0.00331258
9300 -0.00290489
9350 0.000481156
9400 -0.00261966
9450 0.000151454
9500 0.00129142
9550 -0.00116639
9600 0.002538
9650 0.00325265
9700 0.000778767
9750 -0.00261966
9800 0.0011805
9850 -0.00387594
9900 0.002103
9950 0.00170925
10000 -0.0012243
10050 -0.0012243
10100 0.0011805
10150 -0.00372635
10200 -0.000978711
10250 0.0016062
10300 0.00142842
10350 -0.00281761
10400 0.0011805
10450 0.00294233
10500 -0.00179982
10550 0.00130423
10600 0.00246823
10650 0.00129142
10700 -0.00206872
10750 -0.00466671
10800 -0.00206872
10850 -0.00290489
10900 -0.00252828
10950 -0.00135988
11000 0.00245227
11050 -0.00445433
11100 0.00150733
11150 0.00142842
11200 0.000151454
11250 -0.000921373
11300 0.00247481
11350 0.00247481
11400 0.00170925
11450 -0.00155271
11500 0.00142842
11550 0.0019276
11600 0.000681117
11650 -0.00163948
11700 0.00129142
11750 -0.00259998
11800 -0.00109029
11850 -0.000985652
11900 -0.000985652
11950 -0.00281761
12000 0.000373837
12050 0.000951465
12100 0.00246823
12150 0.00251641
12200 0.0019276
12250 0.00325265
12300 -0.00281761
12350 -0.00206872
12400 0.000846988
12450 0.0028666
12500 -0.000666951
12550 -0.0008504
12600 0.002538
12650 0.00162713
12700 -0.00207463
12750 -0.00206872
12800 0.00294233
12850 -0.000921373
12900 0.0028666
12950 -0.00207463
13000 -0.000165787
13050 0.00129142
13100 -0.00387594
13150 9.79639e-05
13200 0.000529346
13250 3.33391e-05
13300 0.00294233
13350 0.0019276
13400 0.00129142
13450 -0.00207463
13500 -0.00119688
13550 0.002538
13600 -0.000978711
13650 0.00346801
13700 -0.00409833
13750 -0.00290489
13800 -0.000502172
13850 0.00294233
13900 -0.000236518
13950 0.00062128
14000 0.000846988
14050 0.00325265
14100 -0.000175308
14150 -0.00207463
14200 -0.000502172
14250 0.00246823
14300 -0.00466671
14350 0.00294233
14400 0.00456128
14450 0.00130423
14500 -0.000175308
14550 -0.000960058
14600 3.33391e-05
14650 0.00129142
14700 -0.0022129
14750 -0.00281761
14800 0.000689488
14850 -0.00372635
14900 -0.000960058
14950 -0.000666951
15000 0.00331258
15050 0.00298063
15100 0.000868104
15150 0.000806141
15200 0.00294233
15250 -0.00445433
15300 0.000151454
15350 0.00170925
15400 -0.00307826
15450 0.00251641
15500 0.00136129
15550 -0.000666951
15600 -0.00387594
15650 0.00331258
15700 0.00136129
15750 -0.00155271
15800 0.00136129
15850 -0.000985652
15900 -0.00109029
15950 0.000442821
16000 0.00393506
16050 -0.00016569
16100 0.00111407
16150 -0.000978711
16200 0.002538
16250 0.00346801
16300 0.00393506
16350 -0.00387594
16400 0.00298063
16450 0.00246823
16500 -0.000175308
16550 0.000406864
16600 -0.00281761
16650 -0.00281761
16700 -0.00109029
16750 -0.0022129
16800 0.00111407
16850 -0.00207388
16900 0.00058917
16950 0.00294233
17000 -0.00372635
17050 0.00111407
17100 -0.00116639
17150 0.00456128
17200 0.002103
17250 0.00298063
17300 0.00142842
17350 0.00137073
17400 0.000806141
17450 0.00294233
17500 -0.000960058
17550 0.000373837
17600 -0.000236518
17650 -0.000978711
17700 -0.000236518
17750 0.00170925
17800 -0.00387594
17850 -0.00261754
17900 -0.0022129
17950 0.00331258
18000 -0.00207388
18050 0.0019276
18100 0.000951465
18150 0.00247481
18200 -0.00307826
18250 0.00298063
18300 -0.000886507
18350 0.00130423
18400 0.000806141
18450 0.00111407
18500 0.00162713
18550 0.00246823
18600 0.000681117
18650 -0.00135988
18700 0.000337779
18750 -0.00119688
18800 -0.00135988
18850 -0.00409833
18900 0.00399123
18950 -0.0008504
19000 0.000699185
19050 -0.00163948
19100 -0.000839258
19150 0.000529346
19200 0.000699185
19250 0.000151454
19300 0.000173218
19350 -0.000985652
19400 -0.000985652
19450 -0.00322893
19500 0.00136129
19550 -0.00155271
19600 -0.00395436
19650 0.000846988
19700 0.000337779
19750 -0.00259998
19800 -0.000921373
19850 -0.00322893
19900 -0.00387594
19950 -0.00466671
20000 0.000778767
20050 0.00456128
20100 -0.00395436
20150 -0.0012243
20200 0.0028666
20250 0.00245227
20300 -0.000502172
20350 -0.00119688
20400 0.0028666
20450 -0.000568199
20500 -0.00466671
20550 0.00247481
20600 0.00178672
20650 0.000337779
20700 0.00331258
20750 0.00585524
20800 3.33391e-05
20850 -0.00322893
20900 -0.0008504
20950 0.0016062
21000 0.002538
21050 -0.00322893
21100 9.79639e-05
21150 -0.000236518
21200 0.00129142
21250 0.00130423
21300 0.0016062
21350 0.00246823
21400 -0.000236518
21450 0.000806141
21500 3.33391e-05
21550 0.000151454
21600 0.00137073
21650 -0.000562001
21700 -0.00259998
21750 -0.00182179
21800 0.00251641
21850 0.00331258
21900 0.000681117
21950 -0.000687239
22000 0.00251641
22050 -0.00150051
22100 0.000481156
22150 0.00062128
22200 -0.000921373
22250 0.00280821
22300 0.00247481
22350 -0.00409833
22400 0.000373837
22450 -0.000978711
22500 0.00280821
22550 -0.000921373
22600 -0.000568199
22650 -0.00150051
22700 0.000699185
22750 -0.00207463
22800 0.00393506
22850 0.00150733
22900 4.19912e-05
22950 0.00399123
23000 -0.000666951
23050 -0.00445433
23100 -0.00118853
23150 -0.000985652
23200 -0.000666951
23250 -0.00119688
23300 3.33391e-05
23350 -0.00322893
23400 0.00456128
23450 -0.000175308
23500 -0.000680689
23550 0.00346801
23600 0.00150733
23650 -0.000680689
23700 0.00129142
23750 -0.00466671
23800 -0.00163948
23850 -0.00372635
23900 -0.00261754
23950 -0.000236518
24000 0.00346801
24050 -0.00395436
24100 0.000806141
24150 -0.000921373
24200 -0.00290489
24250 0.000681117
24300 0.00294233
24350 -0.00188747
24400 -0.0008504
24450 -0.00163948
24500 0.000173218
24550 -0.00150051
24600 4.19912e-05
24650 -0.000687239
24700 0.00246823
24750 0.0019276
24800 -0.00155271
24850 0.00058917
24900 -0.0012243
24950 0.000442821
25000 -0.000175308
25050 0.00111407
25100 0.00111407
25150 -0.00179982
25200 0.00245227
25250 -0.000568199
25300 0.00142842
25350 -0.000175308
25400 4.19912e-05
25450 -0.00466671
25500 0.000846988
25550 0.00585524
25600 9.79639e-05
25650 0.000578676
25700 -0.0012243
25750 -0.00395436
25800 0.000578676
25850 -0.00109029
25900 -0.000839258
25950 -0.000432984
26000 0.00062128
26050 0.00294233
26100 0.00130423
26150 -0.00182179
26200 0.00247481
26250 0.00129142
26300 0.000442821
26350 -0.00322893
26400 0.000578676
26450 0.0019276
26500 -0.00281761
26550 -0.000432984
26600 0.000578676
26650 0.000481156
26700 0.00170925
26750 0.002538
26800 0.0011805
26850 0.00346801
26900 -0.00261754
26950 -0.000568199
27000 0.000406864
27050 0.000778767
27100 0.000151454
27150 0.000846988
27200 0.000406864
27250 0.000151454
27300 0.00178672
27350 -0.00466671
27400 0.000337779
27450 4.19912e-05
27500 0.00150733
27550 -0.00322893
27600 0.000846988
27650 0.00251641
27700 0.00136129
27750 0.000151454
27800 0.00130423
27850 0.00111407
27900 0.000681117
27950 0.000406864
28000 -0.00188747
28050 0.00325265
28100 -0.00372635
28150 -0.0008504
28200 0.00178672
28250 0.00247481
28300 0.00298063
28350 -0.00261966
28400 0.002103
28450 0.000951465
28500 -0.00387594
28550 -0.000165787
28600 -0.00281761
28650 -0.0008504
28700 0.00456128
28750 0.000951465
28800 0.00178672
28850 0.000151454
28900 0.000778767
28950 -0.00207388
29000 0.00062128
29050 0.00280821
29100 -0.000921373
29150 0.00325265
29200 -0.00261754
29250 -0.00281761
29300 -0.00155271
29350 0.0016062
29400 0.000406864
29450 9.79639e-05
29500 0.0016062
29550 -0.00179982
29600 -0.00163948
29650 0.000699185
29700 0.00246823
29750 0.00246823
29800 -0.00445433
29850 -0.000680689
29900 -0.000175308
29950 -0.000236518
30000 -0.00307826
30050 0.000373837
30100 4.19912e-05
30150 -0.0008504
30200 0.00331258
30250 0.00325265
30300 -0.00016569
30350 -0.00290489
30400 -0.000985652
30450 0.00331258
30500 -0.00387594
30550 -0.000502172
30600 -0.00109029
30650 -0.00261754
30700 -0.00322893
30750 0.00062128
30800 -0.00207463
30850 0.000529346
30900 0.000778767
30950 -0.000236518
31000 -0.00016569
31050 -0.00182179
31100 -0.000175308
31150 0.00178672
31200 0.000846988
31250 0.000151454
31300 -0.00109029
31350 0.00399123
31400 0.00325265
31450 3.33391e-05
31500 0.00456128
31550 -0.00261966
31600 0.00585524
31650 -0.00466671
31700 -0.00259998
31750 -0.000985652
31800 -0.00372635
31850 -0.000568199
31900 0.00294233
31950 0.000337779
32000 -0.00290489
32050 -0.000978711
32100 -0.00150051
32150 -0.00261754
32200 -0.00109029
32250 -0.00307826
32300 0.000846988
32350 0.002103
32400 -0.00207463
32450 0.000778767
32500 -0.00466671
32550 -0.00261754
32600 -0.000886507
32650 0.000806141
32700 0.002538
32750 3.33391e-05
32800 0.000681117
32850 0.00346801
32900 -0.0012243
32950 0.00130423
33000 0.00111407
33050 0.000481156
33100 3.33391e-05
33150 -0.00259998
33200 0.00294233
33250 0.00251641
33300 0.000578676
33350 0.00298063
33400 -0.00281761
33450 0.00346801
33500 0.00178672
33550 0.00136129
33600 0.00170925
33650 0.00058917
33700 0.000806141
33750 -0.0012243
33800 0.00245227
33850 -0.00135988
33900 0.0019276
33950 0.00058917
34000 -0.000680689
34050 -0.000886507
34100 0.000442821
34150 -0.00188747
34200 -0.00261966
34250 -0.00119688
34300 -0.00259998
34350 -0.000886507
34400 0.00331258
34450 0.000699185
34500 4.19912e-05
34550 -0.000985652
34600 0.00129142
34650 -0.00182179
34700 -0.0012243
34750 0.0019276
34800 0.00130423
34850 0.00142842
34900 -0.00395436
34950 0.0028666
35000 -0.00150051
35050 -0.000680689
35100 -0.000562001
35150 -0.000978711
35200 0.000689488
35250 -0.000687239
35300 -0.00206872
35350 -0.00252828
35400 -0.00182179
35450 0.00331258
35500 0.00346801
35550 0.000373837
35600 0.002103
35650 0.000151454
35700 0.00136129
35750 -0.00261966
35800 0.00280821
35850 -0.00150051
35900 0.00170925
35950 0.0011805
36000 9.79639e-05
36050 0.00585524
36100 0.000681117
36150 0.000868104
36200 -0.00182179
36250 0.00162713
36300 -0.00261966
36350 0.00062128
36400 -0.000236518
36450 -0.00281761
36500 0.00280821
36550 0.00251641
36600 -0.000175308
36650 0.00393506
36700 0.0011805
36750 -0.000432984
36800 0.00058917
36850 0.00247481
36900 -0.00387594
36950 0.00129142
37000 0.0028666
37050 -0.00109029
37100 0.000846988
37150 0.000173218
37200 -0.000839258
37250 0.00246823
37300 0.00162713
37350 -0.00179982
37400 -0.00445433
37450 0.000481156
37500 -0.000562001
37550 0.00058917
37600 -0.00150051
37650 0.00178672
37700 -0.00466671
37750 0.00136129
37800 -0.00281761
37850 -0.00182179
37900 -0.000562001
37950 0.000806141
38000 0.000806141
38050 -0.00261754
38100 0.00294233
38150 0.000481156
38200 0.00331258
38250 0.00129142
38300 -0.00163948
38350 0.00111407
38400 -0.00261966
38450 0.000951465
38500 0.00251641
38550 -0.00409833
38600 0.00294233
38650 -0.00466671
38700 0.00170925
38750 -0.00150051
38800 0.00136129
38850 -0.00307826
38900 0.0016062
38950 -0.00409833
39000 -0.00188747
39050 -0.00188747
39100 -0.00118853
39150 0.000806141
39200 0.00111407
39250 0.00247481
39300 0.000806141
39350 0.002103
39400 0.00170925
39450 0.00280821
39500 0.0019276
39550 0.00331258
39600 0.000689488
39650 -0.00261966
39700 0.0011805
39750 0.000337779
39800 0.000578676
39850 -0.00372635
39900 -0.00155271
39950 0.00129142
40000 0.00130423
40050 0.000373837
40100 0.00346801
40150 -0.00372635
40200 0.00130423
40250 -0.00259998
40300 -0.000666951
40350 -0.000680689
40400 -0.00290489
40450 0.00393506
40500 0.00456128
40550 -0.000985652
40600 -0.000432984
40650 -0.000839258
40700 -0.00252828
40750 -0.00116639
40800 0.00331258
40850 -0.00135988
40900 0.00585524
40950 0.000373837
41000 -0.00163948
41050 -0.000960058
41100 -0.000839258
41150 9.79639e-05
41200 0.000806141
41250 0.000529346
41300 0.00142842
41350 -0.00116639
41400 -0.000568199
41450 -0.000687239
41500 0.00246823
41550 -0.00290489
41600 -0.00307826
41650 0.0016062
41700 0.00393506
41750 0.000406864
41800 0.000337779
41850 -0.00259998
41900 -0.000921373
41950 -0.00259998
42000 0.002103
42050 -0.0008504
42100 -0.00466671
42150 0.000689488
42200 0.000373837
42250 0.000578676
42300 -0.00207463
42350 0.000151454
42400 -0.00307826
42450 0.00178672
42500 -0.000432984
42550 0.00129142
42600 -0.00206872
42650 0.00456128
42700 -0.000502172
42750 0.000806141
42800 0.000173218
42850 0.000846988
42900 0.000373837
42950 -0.000886507
43000 0.000868104
43050 0.000846988
43100 -0.0008504
43150 0.000481156
43200 -0.00307826
43250 0.00246823
43300 0.000699185
43350 -0.0022129
43400 0.002538
43450 0.000337779
43500 0.000578676
43550 0.000778767
43600 0.00325265
43650 0.00245227
43700 -0.00109029
43750 0.002538
43800 -0.00118853
43850 -0.00207388
43900 0.00280821
43950 0.000481156
44000 0.000951465
44050 0.000481156
44100 0.000778767
44150 0.00393506
44200 -0.00395436
44250 -0.000978711
44300 0.000578676
44350 -0.000985652
44400 0.00162713
44450 -0.00307826
44500 -0.000432984
44550 0.0011805
44600 0.000578676
44650 0.00245227
44700 -0.00109029
44750 -0.00116639
44800 0.00058917
44850 -0.00206872
44900 -0.00466671
44950 -0.000568199
45000 0.00142842
45050 0.00129142
45100 0.00136129
45150 0.000951465
45200 -0.00163948
45250 0.00129142
45300 -0.00395436
45350 -0.000568199
45400 0.00170925
45450 0.00142842
45500 -0.000921373
45550 -0.00207388
45600 0.00245227
45650 0.00142842
45700 -0.00445433
45750 -0.000175308
45800 0.00130423
45850 -0.00261966
45900 -0.000175308
45950 -0.000666951
46000 -0.00118853
46050 0.00245227
46100 -0.000960058
46150 -0.00261966
46200 0.00162713
46250 0.00062128
46300 0.0028666
46350 0.00142842
46400 -0.00118853
46450 -0.00116639
46500 0.00062128
46550 0.000689488
46600 -0.000886507
46650 0.00170925
46700 -0.00261754
46750 0.00178672
46800 0.000699185
46850 0.0016062
46900 9.79639e-05
46950 9.79639e-05
47000 -0.00016569
47050 0.00298063
47100 0.00251641
47150 0.00325265
47200 0.00280821
47250 0.000373837
47300 -0.00119688
47350 0.0028666
47400 0.000442821
47450 -0.0008504
47500 0.00150733
47550 -0.00372635
47600 0.000442821
47650 0.000846988
47700 0.000173218
47750 0.000846988
47800 0.000868104
47850 -0.00259998
47900 -0.00188747
47950 -0.00307826
48000 -0.000175308
48050 -0.00290489
48100 -0.00016569
48150 0.000951465
48200 0.000951465
48250 -0.00445433
48300 -0.00290489
48350 -0.00207388
48400 0.0028666
48450 -0.0012243
48500 -0.000839258
48550 0.000951465
48600 0.00247481
48650 -0.00445433
48700 0.00150733
48750 -0.00118853
48800 -0.00466671
48850 -0.000839258
48900 0.000681117
48950 0.00062128
49000 0.00251641
49050 0.000481156
49100 -0.00252828
49150 0.00136129
49200 -0.00188747
49250 -0.000562001
49300 -0.00135988
49350 -0.00261754
49400 -0.00445433
49450 0.000578676
49500 -0.00261966
49550 -0.00182179
49600 0.0011805
49650 0.00280821
49700 -0.00188747
49750 9.79639e-05
49800 -0.00259998
49850 0.00142842
49900 0.000778767
49950 -0.000680689
50000 -0.00206872
50050 -0.00207463
50100 9.79639e-05
50150 -0.00016569
50200 -0.00207463
50250 0.000846988
50300 -0.00179982
50350 0.000806141
50400 -0.00207463
50450 0.0011805
50500 0.00111407
50550 -0.000687239
50600 0.000778767
50650 -0.000562001
50700 -0.000921373
50750 0.00346801
50800 -0.000680689
50850 0.00399123
50900 -0.000985652
50950 0.00170925
51000 -0.00135988
51050 0.000681117
51100 -0.00466671
51150 -0.000568199
51200 -0.00206872
51250 0.002538
51300 0.00294233
51350 0.000806141
51400 0.000681117
51450 -0.00290489
51500 0.000846988
51550 -0.00150051
51600 0.00280821
51650 0.002538
51700 0.00247481
51750 0.000778767
51800 0.000689488
51850 -0.000985652
51900 -0.00163948
51950 -0.00307826
52000 0.000529346
52050 0.00142842
52100 -0.00179982
52150 0.000806141
52200 0.00585524
52250 0.000699185
52300 0.0016062
52350 0.00162713
52400 -0.00261754
52450 0.00246823
52500 0.000481156
52550 0.002538
52600 0.00331258
52650 0.002538
52700 0.000373837
52750 0.000529346
52800 0.00142842
52850 -0.00206872
52900 0.0028666
52950 -0.00188747
53000 -0.00207463
53050 -0.00395436
53100 0.00298063
53150 0.000689488
53200 0.000846988
53250 -0.00182179
53300 -0.00163948
53350 0.0011805
53400 -0.000978711
53450 -0.000175308
53500 -0.00109029
53550 -0.00182179
53600 0.0028666
53650 0.00178672
53700 -0.000165787
53750 -0.000175308
53800 0.000442821
53850 0.000442821
53900 0.000151454
53950 -0.00118853
54000 -0.000960058
54050 0.000578676
54100 -0.00372635
54150 0.000846988
54200 0.00142842
54250 -0.00307826
54300 -0.00409833
54350 0.0011805
54400 -0.00409833
54450 -0.00116639
54500 -0.00135988
54550 -0.000432984
54600 -0.000680689
54650 -0.00119688
54700 -0.00188747
54750 0.00162713
54800 -0.000985652
54850 -0.00207463
54900 -0.00182179
54950 0.000442821
55000 0.000442821
55050 0.00325265
55100 -0.00307826
55150 0.00280821
55200 -0.00207463
55250 -0.00119688
55300 0.00136129
55350 0.000578676
55400 -0.00116639
55450 -0.00409833
55500 0.002538
55550 -0.00179982
55600 0.00280821
55650 0.00393506
55700 0.00456128
55750 0.00246823
55800 0.000481156
55850 0.00346801
55900 0.00170925
55950 0.00331258
56000 3.33391e-05
56050 -0.00261966
56100 0.00178672
56150 0.00585524
56200 0.0019276
56250 0.000173218
56300 -0.0012243
56350 0.000806141
56400 -0.000562001
56450 0.00346801
56500 -0.000960058
56550 9.79639e-05
56600 -0.0012243
56650 0.00178672
56700 0.000529346
56750 -0.00290489
56800 -0.00261754
56850 0.000806141
56900 0.000681117
56950 0.00346801
57000 -0.000236518
57050 0.000689488
57100 -0.00372635
57150 -0.00207463
57200 0.000442821
57250 0.00130423
57300 0.00247481
57350 -0.00182179
57400 0.0011805
57450 0.000337779
57500 0.00170925
57550 -0.00188747
57600 -0.00259998
57650 0.00246823
57700 -0.00116639
57750 -0.000680689
57800 0.000373837
57850 0.002538
57900 3.33391e-05
57950 0.000846988
58000 -0.00135988
58050 0.000681117
58100 0.00062128
58150 -0.000666951
58200 4.19912e-05
58250 0.0019276
58300 0.00325265
58350 0.000778767
58400 0.00585524
58450 0.000406864
58500 0.00245227
58550 0.000868104
58600 0.00062128
58650 3.33391e-05
58700 0.00130423
58750 0.00111407
58800 9.79639e-05
58850 -0.00016569
58900 0.00280821
58950 -0.00261966
59000 0.00142842
59050 0.000951465
59100 -0.00188747
59150 0.00325265
59200 0.00136129
59250 9.79639e-05
59300 0.00142842
59350 -0.00118853
59400 -0.00281761
59450 -0.00206872
59500 -0.00135988
59550 -0.0022129
59600 -0.00206872
59650 -0.00261754
59700 -0.00206872
59750 0.00331258
59800 -0.000978711
59850 -0.00259998
59900 0.00178672
59950 0.000778767
60000 0.00245227
60050 -0.000680689
60100 0.00137073
60150 -0.0012243
60200 0.000442821
60250 0.00136129
60300 -0.000985652
60350 0.00325265
60400 0.00280821
60450 -0.00206872
60500 -0.00016569
60550 -0.00466671
60600 3.33391e-05
60650 -0.00109029
60700 0.00111407
60750 0.00298063
60800 0.002103
60850 0.000699185
60900 0.00294233
60950 -0.000985652
61000 0.000699185
61050 -0.000236518
61100 -0.00135988
61150 0.0019276
61200 -0.00252828
61250 -0.0022129
61300 0.0016062
61350 0.00178672
61400 -0.000236518
61450 -0.000978711
61500 -0.00445433
61550 -0.00261754
61600 0.000578676
61650 -0.000886507
61700 0.00251641
61750 0.00150733
61800 0.000578676
61850 -0.00387594
61900 4.19912e-05
61950 -0.00409833
62000 -0.00179982
62050 -0.000432984
62100 -0.000985652
62150 0.00585524
62200 -0.0022129
62250 -0.000562001
62300 0.00142842
62350 0.00162713
62400 0.00331258
62450 -0.000921373
62500 0.000406864
62550 -0.00182179
62600 0.00170925
62650 -0.000165787
62700 -0.000236518
62750 -0.000236518
62800 0.00178672
62850 -0.00116639
62900 0.0019276
62950 -0.00150051
63000 -0.000432984
63050 -0.00118853
63100 -0.000236518
63150 -0.000165787
63200 0.00062128
63250 3.33391e-05
63300 0.000442821
63350 0.00136129
63400 -0.000165787
63450 -0.00252828
63500 0.000681117
63550 -0.00206872
63600 -0.000978711
63650 -0.000680689
63700 -0.00372635
63750 -0.00281761
63800 0.00393506
63850 0.000373837
63900 -0.00409833
63950 0.000373837
64000 -0.000165787
64050 -0.000960058
64100 -0.0008504
64150 0.002103
64200 -0.000886507
64250 -0.000236518
64300 0.00137073
64350 4.19912e-05
64400 0.00136129
64450 0.000689488
64500 -0.00372635
64550 -0.000666951
64600 0.0016062
64650 -0.00290489
64700 0.000806141
64750 -0.000921373
64800 -0.00150051
64850 0.0016062
64900 -0.00135988
64950 0.000481156
65000 0.002103
65050 0.00129142
65100 0.00137073
65150 -0.00322893
65200 0.00137073
65250 -0.000978711
65300 0.00136129
65350 0.000373837
65400 0.00325265
65450 -0.00409833
65500 0.00111407
65550 0.000689488
65600 -0.00135988
65650 0.000373837
65700 0.00150733
65750 -0.000886507
65800 -0.00163948
65850 -0.00259998
65900 0.000481156
65950 -0.00179982
66000 -0.00188747
66050 0.00142842
66100 0.00178672
66150 0.000578676
66200 -0.00179982
66250 -0.00155271
66300 -0.00252828
66350 0.000778767
66400 0.00129142
66450 -0.000687239
66500 0.000689488
66550 -0.00281761
66600 0.00251641
66650 0.00246823
66700 0.002103
66750 -0.000960058
66800 -0.00179982
66850 -0.000985652
66900 0.00245227
66950 0.00280821
67000 -0.000432984
67050 -0.00135988
67100 -0.00135988
67150 0.00170925
67200 -0.00307826
67250 -0.00116639
67300 0.0011805
67350 -0.00259998
67400 -0.00179982
67450 0.00129142
67500 0.00245227
67550 -0.000680689
67600 0.002538
67650 0.00150733
67700 -0.00179982
67750 4.19912e-05
67800 0.00456128
67850 -0.0012243
67900 0.000689488
67950 0.00246823
68000 0.00280821
68050 -0.000978711
68100 0.00058917
68150 0.000481156
68200 0.00251641
68250 0.000373837
68300 0.00111407
68350 0.0016062
68400 0.00062128
68450 -0.00135988
68500 0.000806141
68550 0.00129142
68600 0.00058917
68650 -0.00322893
68700 0.000529346
68750 0.0028666
68800 0.00150733
68850 -0.00155271
68900 4.19912e-05
68950 0.00062128
69000 0.00162713
69050 -0.000568199
69100 -0.00109029
69150 -0.00395436
69200 0.000778767
69250 -0.00395436
69300 -0.00182179
69350 0.00251641
69400 0.000689488
69450 -0.00182179
69500 0.000951465
69550 0.00298063
69600 0.00585524
69650 0.000151454
69700 -0.00109029
69750 0.00178672
69800 -0.00259998
69850 0.000806141
69900 -0.000236518
69950 0.00298063
70000 -0.000839258
70050 0.00456128
70100 0.000846988
70150 0.00062128
70200 -0.00155271
70250 -0.000175308
70300 0.00129142
70350 -0.00261754
70400 0.0019276
70450 0.000529346
70500 0.00246823
70550 0.00399123
70600 -0.000839258
70650 0.0028666
70700 -0.000568199
70750 0.00058917
70800 -0.000985652
70850 0.00456128
70900 -0.00135988
70950 0.00142842
71000 -0.00179982
71050 -0.000432984
71100 0.000806141
71150 -0.00281761
71200 -0.000978711
71250 -0.000236518
71300 -0.00445433
71350 0.00178672
71400 -0.000175308
71450 0.00585524
71500 0.00251641
71550 -0.00118853
71600 0.000951465
71650 0.000699185
71700 -0.000666951
71750 -0.00163948
71800 -0.00116639
71850 -0.00290489
71900 0.0028666
71950 0.000951465
72000 -0.00150051
72050 -0.00207388
72100 0.000578676
72150 -0.0012243
72200 -0.000839258
72250 -0.000666951
72300 -0.00155271
72350 0.000151454
72400 -0.00163948
72450 0.00294233
72500 -0.000960058
72550 0.00251641
72600 4.19912e-05
72650 -0.000687239
72700 0.0028666
72750 0.002538
72800 0.000699185
72850 9.79639e-05
72900 0.000151454
72950 -0.00261966
73000 -0.00466671
73050 -0.00135988
73100 0.000406864
73150 0.000578676
73200 -0.000687239
73250 -0.00118853
73300 0.0028666
73350 -0.000839258
73400 0.000406864
73450 -0.00207388
73500 0.00142842
73550 -0.0022129
73600 -0.00182179
73650 0.000681117
73700 -0.00150051
73750 0.00129142
73800 0.00294233
73850 -0.00135988
73900 0.0019276
73950 0.000529346
74000 -0.00207388
74050 -0.0012243
74100 0.00150733
74150 0.000951465
74200 -0.00252828
74250 0.00062128
74300 -0.00466671
74350 -0.00387594
74400 0.00129142
74450 0.00247481
74500 0.000442821
74550 0.000337779
74600 -0.00322893
74650 -0.00155271
74700 -0.000886507
74750 -0.00155271
74800 0.000778767
74850 3.33391e-05
74900 -0.000687239
74950 0.00294233
75000 -0.000175308
75050 0.0016062
75100 0.00294233
75150 0.00325265
75200 0.000951465
75250 -0.00395436
75300 -0.0008504
75350 -0.00322893
75400 -0.00182179
75450 0.00247481
75500 -0.00322893
75550 0.00142842
75600 0.00136129
75650 0.00142842
75700 0.000173218
75750 -0.000687239
75800 -0.000921373
75850 -0.00163948
75900 -0.000985652
75950 -0.00182179
76000 -0.00118853
76050 3.33391e-05
76100 0.000846988
76150 0.00247481
76200 -0.00116639
76250 0.000778767
76300 -0.000165787
76350 -0.000985652
76400 -0.00118853
76450 -0.00207388
76500 0.00331258
76550 0.00150733
76600 -0.00182179
76650 0.002538
76700 0.00170925
76750 -0.000568199
76800 0.00585524
76850 0.00331258
76900 0.000778767
76950 -0.000175308
77000 0.000681117
77050 0.000578676
77100 0.00136129
77150 0.002103
77200 -0.00281761
77250 0.0016062
77300 0.000373837
77350 -0.000502172
77400 0.0028666
77450 -0.00409833
77500 -0.00150051
77550 -0.000502172
77600 -0.00322893
77650 -0.00252828
77700 -0.000687239
77750 0.00399123
77800 0.000681117
77850 0.000778767
77900 0.00280821
77950 0.000151454
78000 -0.00119688
78050 0.000373837
78100 -0.0012243
78150 0.002103
78200 -0.00135988
78250 0.00130423
78300 -0.00261754
78350 -0.000568199
78400 0.00150733
78450 -0.000236518
78500 4.19912e-05
78550 -0.000165787
78600 0.00585524
78650 0.00246823
78700 -0.00116639
78750 -0.00409833
78800 0.00325265
78850 -0.00179982
78900 0.000578676
78950 -0.00179982
79000 0.000806141
79050 -0.00322893
79100 -0.00372635
79150 0.00150733
79200 0.00170925
79250 -0.000165787
79300 0.00247481
79350 -0.00395436
79400 0.00142842
79450 0.00298063
79500 -0.00163948
79550 -0.000236518
79600 -0.000921373
79650 0.00130423
79700 -0.000680689
79750 0.000868104
79800 9.79639e-05
79850 -0.00387594
79900 -0.00307826
79950 0.00251641
80000 -0.00109029
80050 -0.00395436
80100 4.19912e-05
80150 0.00142842
80200 -0.00109029
80250 0.000681117
80300 0.00111407
80350 0.000951465
80400 0.00111407
80450 -0.000985652
80500 -0.00118853
80550 0.00178672
80600 0.00178672
80650 -0.000165787
80700 0.000951465
80750 -0.00207388
80800 0.00325265
80850 -0.00119688
80900 0.0016062
80950 0.00178672
81000 -0.00119688
81050 0.0019276
81100 -0.00322893
81150 0.000481156
81200 -0.00119688
81250 -0.0008504
81300 0.0011805
81350 -0.00409833
81400 -0.0022129
81450 -0.0008504
81500 -0.000960058
81550 -0.00409833
81600 0.00346801
81650 0.00129142
81700 -0.000562001
81750 -0.00409833
81800 -0.00466671
81850 0.00150733
81900 0.000868104
81950 -0.00016569
82000 0.000442821
82050 0.00162713
82100 0.0019276
82150 0.00062128
82200 0.000373837
82250 -0.00182179
82300 0.00399123
82350 0.00399123
82400 -0.000568199
82450 0.000578676
82500 0.00280821
82550 -0.00155271
82600 -0.000502172
82650 -0.00259998
82700 0.00298063
82750 -0.00322893
82800 -0.00387594
82850 0.00346801
82900 0.000846988
82950 0.00399123
83000 -0.00281761
83050 -0.00182179
83100 0.000806141
83150 0.00280821
83200 -0.00182179
83250 0.000151454
83300 -0.000236518
83350 -0.00261754
83400 -0.00261754
83450 0.000868104
83500 -0.000921373
83550 -0.00372635
83600 0.00294233
83650 -0.00188747
83700 -0.00372635
83750 -0.00118853
83800 0.00456128
83850 0.00111407
83900 0.000951465
83950 -0.00387594
84000 0.000689488
84050 -0.00261966
84100 -0.00163948
84150 -0.00116639
84200 0.000151454
84250 0.002103
84300 -0.000432984
84350 3.33391e-05
84400 -0.00252828
84450 0.000442821
84500 -0.000568199
84550 -0.000666951
84600 0.00178672
84650 0.00399123
84700 0.00178672
84750 -0.00150051
84800 0.000578676
84850 -0.00387594
84900 0.00129142
84950 0.00058917
85000 -0.000165787
85050 0.00247481
85100 0.002538
85150 0.00294233
85200 -0.00261966
85250 -0.000666951
85300 -0.00150051
85350 -0.000562001
85400 -0.00119688
85450 0.0019276
85500 0.000778767
85550 0.00136129
85600 0.00393506
85650 0.00111407
85700 0.00170925
85750 -0.00207388
85800 0.00247481
85850 -0.00409833
85900 0.000689488
85950 -0.00116639
86000 -0.00016569
86050 0.00325265
86100 -0.00116639
86150 -0.0022129
86200 0.000442821
86250 0.00137073
86300 -0.00206872
86350 -0.000432984
86400 0.00247481
86450 -0.000680689
86500 0.002538
86550 -0.000165787
86600 0.0016062
86650 0.00585524
86700 -0.000666951
86750 0.00129142
86800 0.000778767
86850 -0.00118853
86900 -0.00387594
86950 -0.000165787
87000 0.000442821
87050 0.000868104
87100 0.00058917
87150 -0.000886507
87200 -0.000978711
87250 -0.00155271
87300 -0.000236518
87350 -0.00135988
87400 0.00331258
87450 0.000806141
87500 -0.0022129
87550 0.00130423
87600 -0.00290489
87650 -0.00206872
87700 0.00325265
87750 -0.00409833
87800 -0.00182179
87850 -0.00307826
87900 0.00162713
87950 0.00130423
88000 0.000481156
88050 0.00130423
88100 4.19912e-05
88150 0.002538
88200 -0.00290489
88250 -0.00119688
88300 0.000846988
88350 0.00346801
88400 0.000529346
88450 0.00331258
88500 0.00170925
88550 0.000681117
88600 -0.00179982
88650 -0.00261754
88700 -0.00119688
88750 0.00150733
88800 -0.00116639
88850 0.00331258
88900 -0.00206872
88950 -0.00155271
89000 -0.00109029
89050 -0.00179982
89100 -0.00206872
89150 -0.000432984
89200 0.00111407
89250 -0.00150051
89300 0.002538
89350 0.00062128
89400 -0.000165787
89450 0.000578676
89500 -0.000680689
89550 0.00280821
89600 3.33391e-05
89650 0.00294233
89700 0.000778767
89750 -0.00445433
89800 0.000373837
89850 0.00251641
89900 0.000681117
89950 -0.00150051
90000 -0.00387594
90050 0.00245227
90100 0.00280821
90150 0.00585524
90200 -0.000175308
90250 -0.000502172
90300 -0.000680689
90350 -0.00188747
90400 0.00129142
90450 -0.00116639
90500 -0.00118853
90550 0.00247481
90600 0.00150733
90650 0.000406864
90700 -0.00016569
90750 -0.00409833
90800 -0.00135988
90850 0.00136129
90900 -0.000921373
90950 -0.00207463
91000 0.00058917
91050 -0.00163948
91100 -0.00207388
91150 0.00170925
91200 -0.0012243
91250 0.00062128
91300 0.000337779
91350 0.002538
91400 -0.0012243
91450 0.002538
91500 -0.000978711
91550 0.00294233
91600 0.00062128
91650 -0.00445433
91700 0.000868104
91750 0.000151454
91800 -0.00155271
91850 0.00111407
91900 -0.00395436
91950 0.000806141
92000 -0.00409833
92050 -0.000562001
92100 -0.000175308
92150 -0.00155271
92200 0.000442821
92250 0.00129142
92300 -0.000687239
92350 -0.000666951
92400 0.000373837
92450 -0.000978711
92500 0.000578676
92550 -0.00179982
92600 -0.00259998
92650 0.000778767
92700 -0.0012243
92750 0.00129142
92800 0.00129142
92850 -0.00259998
92900 0.000406864
92950 0.000337779
93000 -0.00252828
93050 -0.00261966
93100 0.0019276
93150 -0.00182179
93200 0.000578676
93250 0.000699185
93300 -0.00322893
93350 -0.00182179
93400 0.000689488
93450 -0.00387594
93500 0.002538
93550 4.19912e-05
93600 -0.000236518
93650 0.00137073
93700 4.19912e-05
93750 0.000151454
93800 0.00294233
93850 0.00325265
93900 0.00137073
93950 0.000868104
94000 -0.00409833
94050 -0.000985652
94100 -0.00466671
94150 0.0019276
94200 -0.000886507
94250 0.000868104
94300 0.00585524
94350 0.000173218
94400 0.00178672
94450 -0.0022129
94500 0.000578676
94550 -0.000687239
94600 0.000846988
94650 -0.00372635
94700 0.0028666
94750 -0.000886507
94800 -0.000687239
94850 9.79639e-05
94900 -0.000236518
94950 0.00062128
95000 0.000699185
95050 0.00246823
95100 9.79639e-05
95150 0.00280821
95200 0.00331258
95250 -0.00188747
95300 -0.00155271
95350 -0.00207463
95400 3.33391e-05
95450 -0.000985652
95500 0.000868104
95550 -0.00395436
95600 -0.00261966
95650 -0.0022129
95700 0.000529346
95750 0.000578676
95800 0.0016062
95850 0.00178672
95900 -0.00259998
95950 -0.00252828
96000 -0.000687239
96050 0.000481156
96100 -0.00261966
96150 0.000173218
96200 -0.000175308
96250 0.000681117
96300 -0.00322893
96350 -0.00182179
96400 0.000951465
96450 -0.000839258
96500 -0.00387594
96550 0.00246823
96600 0.000578676
96650 0.00170925
96700 -0.00206872
96750 -0.00445433
96800 -0.00188747
96850 3.33391e-05
96900 0.0016062
96950 0.00058917
97000 -0.00150051
97050 -0.000985652
97100 -0.000502172
97150 -0.000562001
97200 0.00294233
97250 0.00136129
97300 0.00298063
97350 0.00280821
97400 -0.00116639
97450 0.000699185
97500 -0.00261754
97550 0.000578676
97600 -0.000985652
97650 -0.00281761
97700 -0.000236518
97750 0.00294233
97800 -0.000978711
97850 -0.000921373
97900 -0.000236518
97950 -0.00155271
98000 -0.00016569
98050 0.00251641
98100 -0.000432984
98150 -0.000886507
98200 0.000373837
98250 -0.00387594
98300 -0.00150051
98350 0.00456128
98400 0.00150733
98450 0.000846988
98500 0.00280821
98550 4.19912e-05
98600 0.000868104
98650 0.000681117
98700 0.00111407
98750 0.000689488
98800 0.0016062
98850 0.0019276
98900 -0.00395436
98950 0.002538
99000 0.0028666
99050 -0.000680689
99100 -0.00155271
99150 -0.000175308
99200 0.00142842
99250 0.000481156
99300 -0.000432984
99350 -0.00290489
99400 0.000173218
99450 -0.000839258
99500 -0.000666951
99550 -0.00387594
99600 -0.000978711
99650 0.00062128
99700 0.00245227
99750 0.000481156
99800 0.00150733
99850 0.000173218
99900 -0.0022129
99950 0.00129142
