0 0.00122779
50 -0.00121286
100 0.00310909
150 0.00128675
200 6.31161e-05
250 -0.00116181
300 0.0005736
350 -6.79583e-05
400 -0.00285537
450 -0.000281357
500 -0.00114738
550 -0.000252137
600 -0.00243418
650 0.00121034
700 0.00196045
750 -0.00294464
800 0.000504354
850 0.000603929
900 -0.00507573
950 0.00371099
1000 -0.00376116
1050 0.00604411
1100 0.0024128
1150 -0.00106551
1200 0.00173507
1250 -0.00198637
1300 -0.00591237
1350 6.31161e-05
1400 -0.00347256
1450 0.00273748
1500 -0.00524231
1550 0.000303595
1600 -0.00164491
1650 -0.000565398
1700 -0.00294464
1750 -0.00524231
1800 -3.85565e-05
1850 0.000239152
1900 -0.00225719
1950 -0.000920683
2000 0.00808662
2050 0.00349677
2100 0.00159397
2150 -0.00507573
2200 -0.00308221
2250 -0.00376116
2300 0.000896204
2350 0.00349677
2400 -0.00241381
2450 0.000226959
2500 -0.00257404
2550 -0.000521734
2600 0.000708041
2650 0.000397111
2700 0.00384052
2750 0.0024128
2800 0.000896204
2850 0.00231046
2900 -0.00591237
2950 0.00211842
3000 -0.00243418
3050 -0.000920683
3100 0.00186064
3150 0.0024128
3200 -0.000999336
3250 0.000239152
3300 0.000226959
3350 -0.0013634
3400 -0.000999336
3450 0.00231046
3500 -0.00347256
3550 -0.00012259
3600 0.000226959
3650 -0.00196944
3700 -0.000898601
3750 -0.000252137
3800 0.00159397
3850 -0.000898601
3900 -0.00225719
3950 -0.000252137
4000 0.00654218
4050 0.00331436
4100 -0.000960747
4150 -0.000920683
4200 0.00244138
4250 -0.00198637
4300 0.00186064
4350 6.31161e-05
4400 -0.000115546
4450 0.00223655
4500 -0.00411681
4550 0.00196045
4600 -0.00113031
4650 0.000229812
4700 0.00147593
4750 -0.00216016
4800 0.000708041
4850 -0.00507573
4900 0.0011031
4950 0.00208928
5000 0.000229812
5050 0.0011031
5100 -0.00012259
5150 0.00121034
5200 -0.00285537
5250 -0.000999336
5300 0.000419619
5350 -0.00106551
5400 -0.00164491
5450 0.00292804
5500 -0.00164491
5550 0.00217597
5600 0.00128675
5650 -0.00198637
5700 0.00273748
5750 -0.00287802
5800 0.00654218
5850 -0.000252137
5900 -0.00487761
5950 -0.00243418
6000 -0.00241381
6050 -0.00198637
6100 0.00266584
6150 -0.00198637
6200 0.00244138
6250 -0.00116566
6300 0.00490036
6350 0.0011031
6400 -0.000565398
6450 -0.00528784
6500 0.000204115
6550 -0.00308221
6600 -0.00527117
6650 0.00128675
6700 -0.000960747
6750 -0.000185133
6800 -6.79583e-05
6850 -0.00010024
6900 0.000603929
6950 -0.0013634
7000 0.000603929
7050 0.00310909
7100 0.000229812
7150 -0.00106551
7200 0.00349677
7250 -0.000999336
7300 0.00384052
7350 -0.00347256
7400 -0.00257404
7450 0.00266584
7500 0.00173615
7550 0.00217597
7600 0.000395818
7650 0.000229812
7700 -0.00190069
7750 -0.000898601
7800 -0.00591237
7850 -0.00241381
7900 0.00266584
7950 0.00384052
8000 0.000896204
8050 -0.00411681
8100 -0.00121286
8150 -0.00113031
8200 0.00244138
8250 0.00604411
8300 0.000229812
8350 -0.00164491
8400 -0.000281357
8450 0.000226959
8500 -0.00198637
8550 0.00808662
8600 0.000397919
8650 0.00128675
8700 0.00196045
8750 -0.00186009
8800 0.000229812
8850 0.00136522
8900 -0.00294464
8950 0.00808662
9000 -0.00012259
9050 0.00292804
9100 0.00292804
9150 -0.00257404
9200 -0.00225719
9250 -0.00294464
9300 -0.000521734
9350 -0.000185133
9400 0.00122779
9450 0.00186064
9500 0.00310909
9550 0.000708041
9600 -0.00328515
9650 -0.00116181
9700 -0.000999336
9750 0.00122779
9800 -0.00106551
9850 0.000603929
9900 -0.00198637
9950 0.00211842
10000 -0.00591237
10050 -0.00591237
10100 -0.00106551
10150 0.00173615
10200 -0.00186009
10250 0.000229812
10300 0.00384052
10350 0.00223655
10400 -0.00106551
10450 -0.000898601
10500 0.00604411
10550 0.00292804
10600 0.00128675
10650 0.00310909
10700 -0.00190069
10750 0.00654218
10800 -0.00190069
10850 -0.000521734
10900 -0.00257404
10950 -0.00113031
11000 -0.00287802
11050 0.00271354
11100 -0.00116566
11150 0.00384052
11200 0.00186064
11250 -0.00225719
11300 -0.00381457
11350 -0.00381457
11400 0.00211842
11450 0.00331436
11500 0.00384052
11550 0.00147593
11600 -0.000281357
11650 0.0024128
11700 0.00310909
11750 0.0005736
11800 0.000504354
11850 0.00371099
11900 0.00371099
11950 0.00223655
12000 -6.79583e-05
12050 -0.00216016
12100 0.00128675
12150 -0.0012892
12200 0.00147593
12250 -0.00116181
12300 0.00223655
12350 -0.00190069
12400 0.000397111
12450 -0.00376116
12500 0.000226959
12550 6.31161e-05
12600 -0.00328515
12650 0.000294273
12700 -0.0013634
12750 -0.00190069
12800 -0.000898601
12850 -0.00225719
12900 -0.00376116
12950 -0.0013634
13000 -0.00121286
13050 0.00310909
13100 0.000603929
13150 -0.00010024
13200 -0.00243418
13250 2.95469e-05
13300 -0.000898601
13350 0.00147593
13400 0.00310909
13450 -0.0013634
13500 0.000896204
13550 -0.00328515
13600 -0.00186009
13650 -0.00487761
13700 0.00136522
13750 -0.000521734
13800 0.000395818
13850 -0.000898601
13900 0.00173507
13950 -0.000960747
14000 0.000397111
14050 -0.00116181
14100 0.000397919
14150 -0.0013634
14200 0.000395818
14250 0.00128675
14300 0.00654218
14350 -0.000898601
14400 -0.00507573
14450 0.00292804
14500 0.000397919
14550 -0.00196944
14600 2.95469e-05
14650 0.00310909
14700 0.00217597
14750 0.00223655
14800 0.000303595
14850 0.00173615
14900 -0.00196944
14950 0.000226959
15000 -0.00294464
15050 0.00266584
15100 -0.000565398
15150 -0.00285537
15200 -0.000898601
15250 0.00271354
15300 0.00186064
15350 0.00211842
15400 0.00490036
15450 -0.0012892
15500 -0.00347256
15550 0.000226959
15600 0.000603929
15650 -0.00294464
15700 -0.00347256
15750 0.00331436
15800 -0.00347256
15850 0.00371099
15900 0.000504354
15950 0.000239152
16000 -0.00528784
16050 0.000167665
16100 -3.85565e-05
16150 -0.00186009
16200 -0.00328515
16250 -0.00487761
16300 -0.00528784
16350 0.000603929
16400 0.00266584
16450 0.00128675
16500 0.000397919
16550 -0.000115546
16600 0.00223655
16650 0.00223655
16700 0.000504354
16750 0.00217597
16800 -3.85565e-05
16850 0.00196045
16900 -0.00164491
16950 -0.000898601
17000 0.00173615
17050 -3.85565e-05
17100 0.000708041
17150 -0.00507573
17200 -0.00198637
17250 0.00266584
17300 0.00384052
17350 -0.00235872
17400 -0.00285537
17450 -0.000898601
17500 -0.00196944
17550 -6.79583e-05
17600 0.00173507
17650 -0.00186009
17700 0.00173507
17750 0.00211842
17800 0.000603929
17850 0.00121034
17900 0.00217597
17950 -0.00294464
18000 0.00196045
18050 0.00147593
18100 -0.00216016
18150 -0.00381457
18200 0.00490036
18250 0.00266584
18300 -0.00241381
18350 0.00292804
18400 -0.00285537
18450 -3.85565e-05
18500 0.000294273
18550 0.00128675
18600 -0.000281357
18650 -0.00113031
18700 -0.000252137
18750 0.000896204
18800 -0.00113031
18850 0.00136522
18900 -0.00527117
18950 6.31161e-05
19000 -0.00411681
19050 0.0024128
19100 0.00459484
19150 -0.00243418
19200 -0.00411681
19250 0.00186064
19300 -0.00114738
19350 0.00371099
19400 0.00371099
19450 -0.00308221
19500 -0.00347256
19550 0.00331436
19600 0.00213725
19650 0.000397111
19700 -0.000252137
19750 0.0005736
19800 -0.00225719
19850 -0.00308221
19900 0.000603929
19950 0.00654218
20000 -0.000999336
20050 -0.00507573
20100 0.00213725
20150 -0.00591237
20200 -0.00376116
20250 -0.00287802
20300 0.000395818
20350 0.000896204
20400 -0.00376116
20450 0.0011031
20500 0.00654218
20550 -0.00381457
20600 0.000204115
20650 -0.000252137
20700 -0.00294464
20750 -0.00524231
20800 2.95469e-05
20850 -0.00308221
20900 6.31161e-05
20950 0.000229812
21000 -0.00328515
21050 -0.00308221
21100 -0.00010024
21150 0.00173507
21200 0.00310909
21250 0.00292804
21300 0.000229812
21350 0.00128675
21400 0.00173507
21450 -0.00285537
21500 2.95469e-05
21550 0.00186064
21600 -0.00235872
21650 0.000419619
21700 0.0005736
21750 0.00273748
21800 -0.0012892
21850 -0.00294464
21900 -0.000281357
21950 0.00159397
22000 -0.0012892
22050 0.00808662
22100 -0.000185133
22150 -0.000960747
22200 -0.00225719
22250 0.00349677
22300 -0.00381457
22350 0.00136522
22400 -6.79583e-05
22450 -0.00186009
22500 0.00349677
22550 -0.00225719
22600 0.0011031
22650 0.00808662
22700 -0.00411681
22750 -0.0013634
22800 -0.00528784
22850 -0.00116566
22900 -0.000744073
22950 -0.00527117
23000 0.000226959
23050 0.00271354
23100 -0.00012259
23150 0.00371099
23200 0.000226959
23250 0.000896204
23300 2.95469e-05
23350 -0.00308221
23400 -0.00507573
23450 0.000397919
23500 0.00244138
23550 -0.00487761
23600 -0.00116566
23650 0.00244138
23700 0.00310909
23750 0.00654218
23800 0.0024128
23850 0.00173615
23900 0.00121034
23950 0.00173507
24000 -0.00487761
24050 0.00213725
24100 -0.00285537
24150 -0.00225719
24200 -0.000521734
24250 -0.000281357
24300 -0.000898601
24350 0.00231046
24400 6.31161e-05
24450 0.0024128
24500 -0.00114738
24550 0.00808662
24600 -0.000744073
24650 0.00159397
24700 0.00128675
24750 0.00147593
24800 0.00331436
24850 -0.00164491
24900 -0.00591237
24950 0.000239152
25000 0.000397919
25050 -3.85565e-05
25100 -3.85565e-05
25150 0.00604411
25200 -0.00287802
25250 0.0011031
25300 0.00384052
25350 0.000397919
25400 -0.000744073
25450 0.00654218
25500 0.000397111
25550 -0.00524231
25600 -0.00010024
25650 0.00208928
25700 -0.00591237
25750 0.00213725
25800 0.00208928
25850 0.000504354
25900 0.00459484
25950 -0.000920683
26000 -0.000960747
26050 -0.000898601
26100 0.00292804
26150 0.00273748
26200 -0.00381457
26250 0.00310909
26300 0.000239152
26350 -0.00308221
26400 0.00208928
26450 0.00147593
26500 0.00223655
26550 -0.000920683
26600 0.00208928
26650 -0.000185133
26700 0.00211842
26750 -0.00328515
26800 -0.00106551
26850 -0.00487761
26900 0.00121034
26950 0.0011031
27000 -0.000115546
27050 -0.000999336
27100 0.00186064
27150 0.000397111
27200 -0.000115546
27250 0.00186064
27300 0.000204115
27350 0.00654218
27400 -0.000252137
27450 -0.000744073
27500 -0.00116566
27550 -0.00308221
27600 0.000397111
27650 -0.0012892
27700 -0.00347256
27750 0.00186064
27800 0.00292804
27850 -3.85565e-05
27900 -0.000281357
27950 -0.000115546
28000 0.00231046
28050 -0.00116181
28100 0.00173615
28150 6.31161e-05
28200 0.000204115
28250 -0.00381457
28300 0.00266584
28350 0.00122779
28400 -0.00198637
28450 -0.00216016
28500 0.000603929
28550 -0.00121286
28600 0.00223655
28650 6.31161e-05
28700 -0.00507573
28750 -0.00216016
28800 0.000204115
28850 0.00186064
28900 -0.000999336
28950 0.00196045
29000 -0.000960747
29050 0.00349677
29100 -0.00225719
29150 -0.00116181
29200 0.00121034
29250 0.00223655
29300 0.00331436
29350 0.000229812
29400 -0.000115546
29450 -0.00010024
29500 0.000229812
29550 0.00604411
29600 0.0024128
29650 -0.00411681
29700 0.00128675
29750 0.00128675
29800 0.00271354
29850 0.00244138
29900 0.000397919
29950 0.00173507
30000 0.00490036
30050 -6.79583e-05
30100 -0.000744073
30150 6.31161e-05
30200 -0.00294464
30250 -0.00116181
30300 0.000167665
30350 -0.000521734
30400 0.00371099
30450 -0.00294464
30500 0.000603929
30550 0.000395818
30600 0.000504354
30650 0.00121034
30700 -0.00308221
30750 -0.000960747
30800 -0.0013634
30850 -0.00243418
30900 -0.000999336
30950 0.00173507
31000 0.000167665
31050 0.00273748
31100 0.000397919
31150 0.000204115
31200 0.000397111
31250 0.00186064
31300 0.000504354
31350 -0.00527117
31400 -0.00116181
31450 2.95469e-05
31500 -0.00507573
31550 0.00122779
31600 -0.00524231
31650 0.00654218
31700 0.0005736
31750 0.00371099
31800 0.00173615
31850 0.0011031
31900 -0.000898601
31950 -0.000252137
32000 -0.000521734
32050 -0.00186009
32100 0.00808662
32150 0.00121034
32200 0.000504354
32250 0.00490036
32300 0.000397111
32350 -0.00198637
32400 -0.0013634
32450 -0.000999336
32500 0.00654218
32550 0.00121034
32600 -0.00241381
32650 -0.00285537
32700 -0.00328515
32750 2.95469e-05
32800 -0.000281357
32850 -0.00487761
32900 -0.00591237
32950 0.00292804
33000 -3.85565e-05
33050 -0.000185133
33100 2.95469e-05
33150 0.0005736
33200 -0.000898601
33250 -0.0012892
33300 0.00208928
33350 0.00266584
33400 0.00223655
33450 -0.00487761
33500 0.000204115
33550 -0.00347256
33600 0.00211842
33650 -0.00164491
33700 -0.00285537
33750 -0.00591237
33800 -0.00287802
33850 -0.00113031
33900 0.00147593
33950 -0.00164491
34000 0.00244138
34050 -0.00241381
34100 0.000239152
34150 0.00231046
34200 0.00122779
34250 0.000896204
34300 0.0005736
34350 -0.00241381
34400 -0.00294464
34450 -0.00411681
34500 -0.000744073
34550 0.00371099
34600 0.00310909
34650 0.00273748
34700 -0.00591237
34750 0.00147593
34800 0.00292804
34850 0.00384052
34900 0.00213725
34950 -0.00376116
35000 0.00808662
35050 0.00244138
35100 0.000419619
35150 -0.00186009
35200 0.000303595
35250 0.00159397
35300 -0.00190069
35350 -0.00257404
35400 0.00273748
35450 -0.00294464
35500 -0.00487761
35550 -6.79583e-05
35600 -0.00198637
35650 0.00186064
35700 -0.00347256
35750 0.00122779
35800 0.00349677
35850 0.00808662
35900 0.00211842
35950 -0.00106551
36000 -0.00010024
36050 -0.00524231
36100 -0.000281357
36150 -0.000565398
36200 0.00273748
36250 0.000294273
36300 0.00122779
36350 -0.000960747
36400 0.00173507
36450 0.00223655
36500 0.00349677
36550 -0.0012892
36600 0.000397919
36650 -0.00528784
36700 -0.00106551
36750 -0.000920683
36800 -0.00164491
36850 -0.00381457
36900 0.000603929
36950 0.00310909
37000 -0.00376116
37050 0.000504354
37100 0.000397111
37150 -0.00114738
37200 0.00459484
37250 0.00128675
37300 0.000294273
37350 0.00604411
37400 0.00271354
37450 -0.000185133
37500 0.000419619
37550 -0.00164491
37600 0.00808662
37650 0.000204115
37700 0.00654218
37750 -0.00347256
37800 0.00223655
37850 0.00273748
37900 0.000419619
37950 -0.00285537
38000 -0.00285537
38050 0.00121034
38100 -0.000898601
38150 -0.000185133
38200 -0.00294464
38250 0.00310909
38300 0.0024128
38350 -3.85565e-05
38400 0.00122779
38450 -0.00216016
38500 -0.0012892
38550 0.00136522
38600 -0.000898601
38650 0.00654218
38700 0.00211842
38750 0.00808662
38800 -0.00347256
38850 0.00490036
38900 0.000229812
38950 0.00136522
39000 0.00231046
39050 0.00231046
39100 -0.00012259
39150 -0.00285537
39200 -3.85565e-05
39250 -0.00381457
39300 -0.00285537
39350 -0.00198637
39400 0.00211842
39450 0.00349677
39500 0.00147593
39550 -0.00294464
39600 0.000303595
39650 0.00122779
39700 -0.00106551
39750 -0.000252137
39800 0.00208928
39850 0.00173615
39900 0.00331436
39950 0.00310909
40000 0.00292804
40050 -6.79583e-05
40100 -0.00487761
40150 0.00173615
40200 0.00292804
40250 0.0005736
40300 0.000226959
40350 0.00244138
40400 -0.000521734
40450 -0.00528784
40500 -0.00507573
40550 0.00371099
40600 -0.000920683
40650 0.00459484
40700 -0.00257404
40750 0.000708041
40800 -0.00294464
40850 -0.00113031
40900 -0.00524231
40950 -6.79583e-05
41000 0.0024128
41050 -0.00196944
41100 0.00459484
41150 -0.00010024
41200 -0.00285537
41250 -0.00243418
41300 0.00384052
41350 0.000708041
41400 0.0011031
41450 0.00159397
41500 0.00128675
41550 -0.000521734
41600 0.00490036
41650 0.000229812
41700 -0.00528784
41750 -0.000115546
41800 -0.000252137
41850 0.0005736
41900 -0.00225719
41950 0.0005736
42000 -0.00198637
42050 6.31161e-05
42100 0.00654218
42150 0.000303595
42200 -6.79583e-05
42250 0.00208928
42300 -0.0013634
42350 0.00186064
42400 0.00490036
42450 0.000204115
42500 -0.000920683
42550 0.00310909
42600 -0.00190069
42650 -0.00507573
42700 0.000395818
42750 -0.00285537
42800 -0.00114738
42850 0.000397111
42900 -6.79583e-05
42950 -0.00241381
43000 -0.000565398
43050 0.000397111
43100 6.31161e-05
43150 -0.000185133
43200 0.00490036
43250 0.00128675
43300 -0.00411681
43350 0.00217597
43400 -0.00328515
43450 -0.000252137
43500 0.00208928
43550 -0.000999336
43600 -0.00116181
43650 -0.00287802
43700 0.000504354
43750 -0.00328515
43800 -0.00012259
43850 0.00196045
43900 0.00349677
43950 -0.000185133
44000 -0.00216016
44050 -0.000185133
44100 -0.000999336
44150 -0.00528784
44200 0.00213725
44250 -0.00186009
44300 0.00208928
44350 0.00371099
44400 0.000294273
44450 0.00490036
44500 -0.000920683
44550 -0.00106551
44600 0.00208928
44650 -0.00287802
44700 0.000504354
44750 0.000708041
44800 -0.00164491
44850 -0.00190069
44900 0.00654218
44950 0.0011031
45000 0.00384052
45050 0.00310909
45100 -0.00347256
45150 -0.00216016
45200 0.0024128
45250 0.00310909
45300 0.00213725
45350 0.0011031
45400 0.00211842
45450 0.00384052
45500 -0.00225719
45550 0.00196045
45600 -0.00287802
45650 0.00384052
45700 0.00271354
45750 0.000397919
45800 0.00292804
45850 0.00122779
45900 0.000397919
45950 0.000226959
46000 -0.00012259
46050 -0.00287802
46100 -0.00196944
46150 0.00122779
46200 0.000294273
46250 -0.000960747
46300 -0.00376116
46350 0.00384052
46400 -0.00012259
46450 0.000708041
46500 -0.000960747
46550 0.000303595
46600 -0.00241381
46650 0.00211842
46700 0.00121034
46750 0.000204115
46800 -0.00411681
46850 0.000229812
46900 -0.00010024
46950 -0.00010024
47000 0.000167665
47050 0.00266584
47100 -0.0012892
47150 -0.00116181
47200 0.00349677
47250 -6.79583e-05
47300 0.000896204
47350 -0.00376116
47400 0.000239152
47450 6.31161e-05
47500 -0.00116566
47550 0.00173615
47600 0.000239152
47650 0.000397111
47700 -0.00114738
47750 0.000397111
47800 -0.000565398
47850 0.0005736
47900 0.00231046
47950 0.00490036
48000 0.000397919
48050 -0.000521734
48100 0.000167665
48150 -0.00216016
48200 -0.00216016
48250 0.00271354
48300 -0.000521734
48350 0.00196045
48400 -0.00376116
48450 -0.00591237
48500 0.00459484
48550 -0.00216016
48600 -0.00381457
48650 0.00271354
48700 -0.00116566
48750 -0.00012259
48800 0.00654218
48850 0.00459484
48900 -0.000281357
48950 -0.000960747
49000 -0.0012892
49050 -0.000185133
49100 -0.00257404
49150 -0.00347256
49200 0.00231046
49250 0.000419619
49300 -0.00113031
49350 0.00121034
49400 0.00271354
49450 0.00208928
49500 0.00122779
49550 0.00273748
49600 -0.00106551
49650 0.00349677
49700 0.00231046
49750 -0.00010024
49800 0.0005736
49850 0.00384052
49900 -0.000999336
49950 0.00244138
50000 -0.00190069
50050 -0.0013634
50100 -0.00010024
50150 0.000167665
50200 -0.0013634
50250 0.000397111
50300 0.00604411
50350 -0.00285537
50400 -0.0013634
50450 -0.00106551
50500 -3.85565e-05
50550 0.00159397
50600 -0.000999336
50650 0.000419619
50700 -0.00225719
50750 -0.00487761
50800 0.00244138
50850 -0.00527117
50900 0.00371099
50950 0.00211842
51000 -0.00113031
51050 -0.000281357
51100 0.00654218
51150 0.0011031
51200 -0.00190069
51250 -0.00328515
51300 -0.000898601
51350 -0.00285537
51400 -0.000281357
51450 -0.000521734
51500 0.000397111
51550 0.00808662
51600 0.00349677
51650 -0.00328515
51700 -0.00381457
51750 -0.000999336
51800 0.000303595
51850 0.00371099
51900 0.0024128
51950 0.00490036
52000 -0.00243418
52050 0.00384052
52100 0.00604411
52150 -0.00285537
52200 -0.00524231
52250 -0.00411681
52300 0.000229812
52350 0.000294273
52400 0.00121034
52450 0.00128675
52500 -0.000185133
52550 -0.00328515
52600 -0.00294464
52650 -0.00328515
52700 -6.79583e-05
52750 -0.00243418
52800 0.00384052
52850 -0.00190069
52900 -0.00376116
52950 0.00231046
53000 -0.0013634
53050 0.00213725
53100 0.00266584
53150 0.000303595
53200 0.000397111
53250 0.00273748
53300 0.0024128
53350 -0.00106551
53400 -0.00186009
53450 0.000397919
53500 0.000504354
53550 0.00273748
53600 -0.00376116
53650 0.000204115
53700 -0.00121286
53750 0.000397919
53800 0.000239152
53850 0.000239152
53900 0.00186064
53950 -0.00012259
54000 -0.00196944
54050 0.00208928
54100 0.00173615
54150 0.000397111
54200 0.00384052
54250 0.00490036
54300 0.00136522
54350 -0.00106551
54400 0.00136522
54450 0.000708041
54500 -0.00113031
54550 -0.000920683
54600 0.00244138
54650 0.000896204
54700 0.00231046
54750 0.000294273
54800 0.00371099
54850 -0.0013634
54900 0.00273748
54950 0.000239152
55000 0.000239152
55050 -0.00116181
55100 0.00490036
55150 0.00349677
55200 -0.0013634
55250 0.000896204
55300 -0.00347256
55350 0.00208928
55400 0.000708041
55450 0.00136522
55500 -0.00328515
55550 0.00604411
55600 0.00349677
55650 -0.00528784
55700 -0.00507573
55750 0.00128675
55800 -0.000185133
55850 -0.00487761
55900 0.00211842
55950 -0.00294464
56000 2.95469e-05
56050 0.00122779
56100 0.000204115
56150 -0.00524231
56200 0.00147593
56250 -0.00114738
56300 -0.00591237
56350 -0.00285537
56400 0.000419619
56450 -0.00487761
56500 -0.00196944
56550 -0.00010024
56600 -0.00591237
56650 0.000204115
56700 -0.00243418
56750 -0.000521734
56800 0.00121034
56850 -0.00285537
56900 -0.000281357
56950 -0.00487761
57000 0.00173507
57050 0.000303595
57100 0.00173615
57150 -0.0013634
57200 0.000239152
57250 0.00292804
57300 -0.00381457
57350 0.00273748
57400 -0.00106551
57450 -0.000252137
57500 0.00211842
57550 0.00231046
57600 0.0005736
57650 0.00128675
57700 0.000708041
57750 0.00244138
57800 -6.79583e-05
57850 -0.00328515
57900 2.95469e-05
57950 0.000397111
58000 -0.00113031
58050 -0.000281357
58100 -0.000960747
58150 0.000226959
58200 -0.000744073
58250 0.00147593
58300 -0.00116181
58350 -0.000999336
58400 -0.00524231
58450 -0.000115546
58500 -0.00287802
58550 -0.000565398
58600 -0.000960747
58650 2.95469e-05
58700 0.00292804
58750 -3.85565e-05
58800 -0.00010024
58850 0.000167665
58900 0.00349677
58950 0.00122779
59000 0.00384052
59050 -0.00216016
59100 0.00231046
59150 -0.00116181
59200 -0.00347256
59250 -0.00010024
59300 0.00384052
59350 -0.00012259
59400 0.00223655
59450 -0.00190069
59500 -0.00113031
59550 0.00217597
59600 -0.00190069
59650 0.00121034
59700 -0.00190069
59750 -0.00294464
59800 -0.00186009
59850 0.0005736
59900 0.000204115
59950 -0.000999336
60000 -0.00287802
60050 0.00244138
60100 -0.00235872
60150 -0.00591237
60200 0.000239152
60250 -0.00347256
60300 0.00371099
60350 -0.00116181
60400 0.00349677
60450 -0.00190069
60500 0.000167665
60550 0.00654218
60600 2.95469e-05
60650 0.000504354
60700 -3.85565e-05
60750 0.00266584
60800 -0.00198637
60850 -0.00411681
60900 -0.000898601
60950 0.00371099
61000 -0.00411681
61050 0.00173507
61100 -0.00113031
61150 0.00147593
61200 -0.00257404
61250 0.00217597
61300 0.000229812
61350 0.000204115
61400 0.00173507
61450 -0.00186009
61500 0.00271354
61550 0.00121034
61600 0.00208928
61650 -0.00241381
61700 -0.0012892
61750 -0.00116566
61800 0.00208928
61850 0.000603929
61900 -0.000744073
61950 0.00136522
62000 0.00604411
62050 -0.000920683
62100 0.00371099
62150 -0.00524231
62200 0.00217597
62250 0.000419619
62300 0.00384052
62350 0.000294273
62400 -0.00294464
62450 -0.00225719
62500 -0.000115546
62550 0.00273748
62600 0.00211842
62650 -0.00121286
62700 0.00173507
62750 0.00173507
62800 0.000204115
62850 0.000708041
62900 0.00147593
62950 0.00808662
63000 -0.000920683
63050 -0.00012259
63100 0.00173507
63150 -0.00121286
63200 -0.000960747
63250 2.95469e-05
63300 0.000239152
63350 -0.00347256
63400 -0.00121286
63450 -0.00257404
63500 -0.000281357
63550 -0.00190069
63600 -0.00186009
63650 0.00244138
63700 0.00173615
63750 0.00223655
63800 -0.00528784
63850 -6.79583e-05
63900 0.00136522
63950 -6.79583e-05
64000 -0.00121286
64050 -0.00196944
64100 6.31161e-05
64150 -0.00198637
64200 -0.00241381
64250 0.00173507
64300 -0.00235872
64350 -0.000744073
64400 -0.00347256
64450 0.000303595
64500 0.00173615
64550 0.000226959
64600 0.000229812
64650 -0.000521734
64700 -0.00285537
64750 -0.00225719
64800 0.00808662
64850 0.000229812
64900 -0.00113031
64950 -0.000185133
65000 -0.00198637
65050 0.00310909
65100 -0.00235872
65150 -0.00308221
65200 -0.00235872
65250 -0.00186009
65300 -0.00347256
65350 -6.79583e-05
65400 -0.00116181
65450 0.00136522
65500 -3.85565e-05
65550 0.000303595
65600 -0.00113031
65650 -6.79583e-05
65700 -0.00116566
65750 -0.00241381
65800 0.0024128
65850 0.0005736
65900 -0.000185133
65950 0.00604411
66000 0.00231046
66050 0.00384052
66100 0.000204115
66150 0.00208928
66200 0.00604411
66250 0.00331436
66300 -0.00257404
66350 -0.000999336
66400 0.00310909
66450 0.00159397
66500 0.000303595
66550 0.00223655
66600 -0.0012892
66650 0.00128675
66700 -0.00198637
66750 -0.00196944
66800 0.00604411
66850 0.00371099
66900 -0.00287802
66950 0.00349677
67000 -0.000920683
67050 -0.00113031
67100 -0.00113031
67150 0.00211842
67200 0.00490036
67250 0.000708041
67300 -0.00106551
67350 0.0005736
67400 0.00604411
67450 0.00310909
67500 -0.00287802
67550 0.00244138
67600 -0.00328515
67650 -0.00116566
67700 0.00604411
67750 -0.000744073
67800 -0.00507573
67850 -0.00591237
67900 0.000303595
67950 0.00128675
68000 0.00349677
68050 -0.00186009
68100 -0.00164491
68150 -0.000185133
68200 -0.0012892
68250 -6.79583e-05
68300 -3.85565e-05
68350 0.000229812
68400 -0.000960747
68450 -0.00113031
68500 -0.00285537
68550 0.00310909
68600 -0.00164491
68650 -0.00308221
68700 -0.00243418
68750 -0.00376116
68800 -0.00116566
68850 0.00331436
68900 -0.000744073
68950 -0.000960747
69000 0.000294273
69050 0.0011031
69100 0.000504354
69150 0.00213725
69200 -0.000999336
69250 0.00213725
69300 0.00273748
69350 -0.0012892
69400 0.000303595
69450 0.00273748
69500 -0.00216016
69550 0.00266584
69600 -0.00524231
69650 0.00186064
69700 0.000504354
69750 0.000204115
69800 0.0005736
69850 -0.00285537
69900 0.00173507
69950 0.00266584
70000 0.00459484
70050 -0.00507573
70100 0.000397111
70150 -0.000960747
70200 0.00331436
70250 0.000397919
70300 0.00310909
70350 0.00121034
70400 0.00147593
70450 -0.00243418
70500 0.00128675
70550 -0.00527117
70600 0.00459484
70650 -0.00376116
70700 0.0011031
70750 -0.00164491
70800 0.00371099
70850 -0.00507573
70900 -0.00113031
70950 0.00384052
71000 0.00604411
71050 -0.000920683
71100 -0.00285537
71150 0.00223655
71200 -0.00186009
71250 0.00173507
71300 0.00271354
71350 0.000204115
71400 0.000397919
71450 -0.00524231
71500 -0.0012892
71550 -0.00012259
71600 -0.00216016
71650 -0.00411681
71700 0.000226959
71750 0.0024128
71800 0.000708041
71850 -0.000521734
71900 -0.00376116
71950 -0.00216016
72000 0.00808662
72050 0.00196045
72100 0.00208928
72150 -0.00591237
72200 0.00459484
72250 0.000226959
72300 0.00331436
72350 0.00186064
72400 0.0024128
72450 -0.000898601
72500 -0.00196944
72550 -0.0012892
72600 -0.000744073
72650 0.00159397
72700 -0.00376116
72750 -0.00328515
72800 -0.00411681
72850 -0.00010024
72900 0.00186064
72950 0.00122779
73000 0.00654218
73050 -0.00113031
73100 -0.000115546
73150 0.00208928
73200 0.00159397
73250 -0.00012259
73300 -0.00376116
73350 0.00459484
73400 -0.000115546
73450 0.00196045
73500 0.00384052
73550 0.00217597
73600 0.00273748
73650 -0.000281357
73700 0.00808662
73750 0.00310909
73800 -0.000898601
73850 -0.00113031
73900 0.00147593
73950 -0.00243418
74000 0.00196045
74050 -0.00591237
74100 -0.00116566
74150 -0.00216016
74200 -0.00257404
74250 -0.000960747
74300 0.00654218
74350 0.000603929
74400 0.00310909
74450 -0.00381457
74500 0.000239152
74550 -0.000252137
74600 -0.00308221
74650 0.00331436
74700 -0.00241381
74750 0.00331436
74800 -0.000999336
74850 2.95469e-05
74900 0.00159397
74950 -0.000898601
75000 0.000397919
75050 0.000229812
75100 -0.000898601
75150 -0.00116181
75200 -0.00216016
75250 0.00213725
75300 6.31161e-05
75350 -0.00308221
75400 0.00273748
75450 -0.00381457
75500 -0.00308221
75550 0.00384052
75600 -0.00347256
75650 0.00384052
75700 -0.00114738
75750 0.00159397
75800 -0.00225719
75850 0.0024128
75900 0.00371099
75950 0.00273748
76000 -0.00012259
76050 2.95469e-05
76100 0.000397111
76150 -0.00381457
76200 0.000708041
76250 -0.000999336
76300 -0.00121286
76350 0.00371099
76400 -0.00012259
76450 0.00196045
76500 -0.00294464
76550 -0.00116566
76600 0.00273748
76650 -0.00328515
76700 0.00211842
76750 0.0011031
76800 -0.00524231
76850 -0.00294464
76900 -0.000999336
76950 0.000397919
77000 -0.000281357
77050 0.00208928
77100 -0.00347256
77150 -0.00198637
77200 0.00223655
77250 0.000229812
77300 -6.79583e-05
77350 0.000395818
77400 -0.00376116
77450 0.00136522
77500 0.00808662
77550 0.000395818
77600 -0.00308221
77650 -0.00257404
77700 0.00159397
77750 -0.00527117
77800 -0.000281357
77850 -0.000999336
77900 0.00349677
77950 0.00186064
78000 0.000896204
78050 -6.79583e-05
78100 -0.00591237
78150 -0.00198637
78200 -0.00113031
78250 0.00292804
78300 0.00121034
78350 0.0011031
78400 -0.00116566
78450 0.00173507
78500 -0.000744073
78550 -0.00121286
78600 -0.00524231
78650 0.00128675
78700 0.000708041
78750 0.00136522
78800 -0.00116181
78850 0.00604411
78900 0.00208928
78950 0.00604411
79000 -0.00285537
79050 -0.00308221
79100 0.00173615
79150 -0.00116566
79200 0.00211842
79250 -0.00121286
79300 -0.00381457
79350 0.00213725
79400 0.00384052
79450 0.00266584
79500 0.0024128
79550 0.00173507
79600 -0.00225719
79650 0.00292804
79700 0.00244138
79750 -0.000565398
79800 -0.00010024
79850 0.000603929
79900 0.00490036
79950 -0.0012892
80000 0.000504354
80050 0.00213725
80100 -0.000744073
80150 0.00384052
80200 0.000504354
80250 -0.000281357
80300 -3.85565e-05
80350 -0.00216016
80400 -3.85565e-05
80450 0.00371099
80500 -0.00012259
80550 0.000204115
80600 0.000204115
80650 -0.00121286
80700 -0.00216016
80750 0.00196045
80800 -0.00116181
80850 0.000896204
80900 0.000229812
80950 0.000204115
81000 0.000896204
81050 0.00147593
81100 -0.00308221
81150 -0.000185133
81200 0.000896204
81250 6.31161e-05
81300 -0.00106551
81350 0.00136522
81400 0.00217597
81450 6.31161e-05
81500 -0.00196944
81550 0.00136522
81600 -0.00487761
81650 0.00310909
81700 0.000419619
81750 0.00136522
81800 0.00654218
81850 -0.00116566
81900 -0.000565398
81950 0.000167665
82000 0.000239152
82050 0.000294273
82100 0.00147593
82150 -0.000960747
82200 -6.79583e-05
82250 0.00273748
82300 -0.00527117
82350 -0.00527117
82400 0.0011031
82450 0.00208928
82500 0.00349677
82550 0.00331436
82600 0.000395818
82650 0.0005736
82700 0.00266584
82750 -0.00308221
82800 0.000603929
82850 -0.00487761
82900 0.000397111
82950 -0.00527117
83000 0.00223655
83050 0.00273748
83100 -0.00285537
83150 0.00349677
83200 0.00273748
83250 0.00186064
83300 0.00173507
83350 0.00121034
83400 0.00121034
83450 -0.000565398
83500 -0.00225719
83550 0.00173615
83600 -0.000898601
83650 0.00231046
83700 0.00173615
83750 -0.00012259
83800 -0.00507573
83850 -3.85565e-05
83900 -0.00216016
83950 0.000603929
84000 0.000303595
84050 0.00122779
84100 0.0024128
84150 0.000708041
84200 0.00186064
84250 -0.00198637
84300 -0.000920683
84350 2.95469e-05
84400 -0.00257404
84450 0.000239152
84500 0.0011031
84550 0.000226959
84600 0.000204115
84650 -0.00527117
84700 0.000204115
84750 0.00808662
84800 0.00208928
84850 0.000603929
84900 0.00310909
84950 -0.00164491
85000 -0.00121286
85050 -0.00381457
85100 -0.00328515
85150 -0.000898601
85200 0.00122779
85250 0.000226959
85300 0.00808662
85350 0.000419619
85400 0.000896204
85450 0.00147593
85500 -0.000999336
85550 -0.00347256
85600 -0.00528784
85650 -3.85565e-05
85700 0.00211842
85750 0.00196045
85800 -0.00381457
85850 0.00136522
85900 0.000303595
85950 0.000708041
86000 0.000167665
86050 -0.00116181
86100 0.000708041
86150 0.00217597
86200 0.000239152
86250 -0.00235872
86300 -0.00190069
86350 -0.000920683
86400 -0.00381457
86450 0.00244138
86500 -0.00328515
86550 -0.00121286
86600 0.000229812
86650 -0.00524231
86700 0.000226959
86750 0.00310909
86800 -0.000999336
86850 -0.00012259
86900 0.000603929
86950 -0.00121286
87000 0.000239152
87050 -0.000565398
87100 -0.00164491
87150 -0.00241381
87200 -0.00186009
87250 0.00331436
87300 0.00173507
87350 -0.00113031
87400 -0.00294464
87450 -0.00285537
87500 0.00217597
87550 0.00292804
87600 -0.000521734
87650 -0.00190069
87700 -0.00116181
87750 0.00136522
87800 0.00273748
87850 0.00490036
87900 0.000294273
87950 0.00292804
88000 -0.000185133
88050 0.00292804
88100 -0.000744073
88150 -0.00328515
88200 -0.000521734
88250 0.000896204
88300 0.000397111
88350 -0.00487761
88400 -0.00243418
88450 -0.00294464
88500 0.00211842
88550 -0.000281357
88600 0.00604411
88650 0.00121034
88700 0.000896204
88750 -0.00116566
88800 0.000708041
88850 -0.00294464
88900 -0.00190069
88950 0.00331436
89000 0.000504354
89050 0.00604411
89100 -0.00190069
89150 -0.000920683
89200 -3.85565e-05
89250 0.00808662
89300 -0.00328515
89350 -0.000960747
89400 -0.00121286
89450 0.00208928
89500 0.00244138
89550 0.00349677
89600 2.95469e-05
89650 -0.000898601
89700 -0.000999336
89750 0.00271354
89800 -6.79583e-05
89850 -0.0012892
89900 -0.000281357
89950 0.00808662
90000 0.000603929
90050 -0.00287802
90100 0.00349677
90150 -0.00524231
90200 0.000397919
90250 0.000395818
90300 0.00244138
90350 0.00231046
90400 0.00310909
90450 0.000708041
90500 -0.00012259
90550 -0.00381457
90600 -0.00116566
90650 -0.000115546
90700 0.000167665
90750 0.00136522
90800 -0.00113031
90850 -0.00347256
90900 -0.00225719
90950 -0.0013634
91000 -0.00164491
91050 0.0024128
91100 0.00196045
91150 0.00211842
91200 -0.00591237
91250 -0.000960747
91300 -0.000252137
91350 -0.00328515
91400 -0.00591237
91450 -0.00328515
91500 -0.00186009
91550 -0.000898601
91600 -0.000960747
91650 0.00271354
91700 -0.000565398
91750 0.00186064
91800 0.00331436
91850 -3.85565e-05
91900 0.00213725
91950 -0.00285537
92000 0.00136522
92050 0.000419619
92100 0.000397919
92150 0.00331436
92200 0.000239152
92250 0.00310909
92300 0.00159397
92350 0.000226959
92400 -6.79583e-05
92450 -0.00186009
92500 0.00208928
92550 0.00604411
92600 0.0005736
92650 -0.000999336
92700 -0.00591237
92750 0.00310909
92800 0.00310909
92850 0.0005736
92900 -0.000115546
92950 -0.000252137
93000 -0.00257404
93050 0.00122779
93100 0.00147593
93150 0.00273748
93200 0.00208928
93250 -0.00411681
93300 -0.00308221
93350 0.00273748
93400 0.000303595
93450 0.000603929
93500 -0.00328515
93550 -0.000744073
93600 0.00173507
93650 -0.00235872
93700 -0.000744073
93750 0.00186064
93800 -0.000898601
93850 -0.00116181
93900 -0.00235872
93950 -0.000565398
94000 0.00136522
94050 0.00371099
94100 0.00654218
94150 0.00147593
94200 -0.00241381
94250 -0.000565398
94300 -0.00524231
94350 -0.00114738
94400 0.000204115
94450 0.00217597
94500 0.00208928
94550 0.00159397
94600 0.000397111
94650 0.00173615
94700 -0.00376116
94750 -0.00241381
94800 0.00159397
94850 -0.00010024
94900 0.00173507
94950 -0.000960747
95000 -0.00411681
95050 0.00128675
95100 -0.00010024
95150 0.00349677
95200 -0.00294464
95250 0.00231046
95300 0.00331436
95350 -0.0013634
95400 2.95469e-05
95450 0.00371099
95500 -0.000565398
95550 0.00213725
95600 0.00122779
95650 0.00217597
95700 -0.00243418
95750 0.00208928
95800 0.000229812
95850 0.000204115
95900 0.0005736
95950 -0.00257404
96000 0.00159397
96050 -0.000185133
96100 0.00122779
96150 -0.00114738
96200 0.000397919
96250 -0.000281357
96300 -0.00308221
96350 0.00273748
96400 -0.00216016
96450 0.00459484
96500 0.000603929
96550 0.00128675
96600 0.00208928
96650 0.00211842
96700 -0.00190069
96750 0.00271354
96800 0.00231046
96850 2.95469e-05
96900 0.000229812
96950 -0.00164491
97000 0.00808662
97050 0.00371099
97100 0.000395818
97150 0.000419619
97200 -0.000898601
97250 -0.00347256
97300 0.00266584
97350 0.00349677
97400 0.000708041
97450 -0.00411681
97500 0.00121034
97550 0.00208928
97600 0.00371099
97650 0.00223655
97700 0.00173507
97750 -0.000898601
97800 -0.00186009
97850 -0.00225719
97900 0.00173507
97950 0.00331436
98000 0.000167665
98050 -0.0012892
98100 -0.000920683
98150 -0.00241381
98200 -6.79583e-05
98250 0.000603929
98300 0.00808662
98350 -0.00507573
98400 -0.00116566
98450 0.000397111
98500 0.00349677
98550 -0.000744073
98600 -0.000565398
98650 -0.000281357
98700 -3.85565e-05
98750 0.000303595
98800 0.000229812
98850 0.00147593
98900 0.00213725
98950 -0.00328515
99000 -0.00376116
99050 0.00244138
99100 0.00331436
99150 0.000397919
99200 0.00384052
99250 -0.000185133
99300 -0.000920683
99350 -0.000521734
99400 -0.00114738
99450 0.00459484
99500 0.000226959
99550 0.000603929
99600 -0.00186009
99650 -0.000960747
99700 -0.00287802
99750 -0.000185133
99800 -0.00116566
99850 -0.00114738
99900 0.00217597
99950 0.00310909
