0 -0.0070351
50 0.000609455
100 -0.00129049
150 0.000690586
200 -0.00653398
250 0.0037274
300 -0.00162759
350 0.00225668
400 -0.00189785
450 -0.00265837
500 -0.000116601
550 -0.00129049
600 -0.000522195
650 -0.000173413
700 0.0036317
750 -0.00022266
800 0.00235585
850 0.00397374
900 0.000609455
950 -0.00140571
1000 0.00147267
1050 -0.00265837
1100 -0.000424386
1150 -0.000116254
1200 0.00393022
1250 -0.00332178
1300 -0.000293506
1350 -0.000424386
1400 0.00192474
1450 0.00220885
1500 -0.00956928
1550 -0.00100804
1600 -0.000173413
1650 0.00304923
1700 -0.00219528
1750 -0.000116601
1800 -0.00235916
1850 0.00194516
1900 -0.000424386
1950 0.00220885
2000 0.00235585
2050 0.00137317
2100 -0.0075374
2150 0.00220885
2200 -0.000475336
2250 -0.0070351
2300 0.00621336
2350 -0.000590168
2400 -0.00471253
2450 0.0036317
2500 -0.00235916
2550 -0.00188568
2600 0.00394683
2650 -0.000522195
2700 -0.00189785
2750 0.0021895
2800 -0.000424386
2850 0.00349672
2900 -0.000129205
2950 -0.00267343
3000 -0.00956928
3050 -0.000129205
3100 -0.000475336
3150 -0.00179324
3200 0.00147267
3250 0.00394683
3300 -0.000208063
3350 0.00137317
3400 0.00226305
3450 0.0021895
3500 0.0069175
3550 -0.00169601
3600 -0.00236585
3650 0.00021242
3700 -0.0075374
3750 -0.000318083
3800 -0.00121571
3850 0.00621336
3900 -0.00236585
3950 -8.36082e-05
4000 0.00301054
4050 -0.000522195
4100 0.00220915
4150 -0.00464945
4200 -0.00129766
4250 -0.00260259
4300 0.00397374
4350 -0.00188568
4400 0.000978323
4450 0.00226305
4500 -0.000447679
4550 0.000594551
4600 -0.00154588
4650 -0.00380227
4700 -0.00332043
4750 0.00235585
4800 -0.000623806
4850 -0.00332178
4900 0.00047177
4950 -0.00380227
5000 0.00621336
5050 -0.000447679
5100 -0.00140571
5150 0.00601627
5200 0.00116413
5250 0.00107907
5300 -0.000116254
5350 0.000978323
5400 -0.00364331
5450 0.000362018
5500 0.00564302
5550 0.000594551
5600 0.00394683
5650 0.00281407
5700 -0.000216443
5750 -0.00332178
5800 -0.000293506
5850 0.00235585
5900 -0.00162759
5950 -0.00332043
6000 0.00265685
6050 -0.000116601
6100 -0.00471253
6150 -0.00121921
6200 -0.000116254
6250 0.00220885
6300 -0.000623806
6350 0.00128961
6400 0.00137317
6450 0.000609455
6500 -0.00267343
6550 -0.00384843
6600 0.00194516
6650 -0.00129766
6700 0.000362018
6750 -0.00464945
6800 -0.00188568
6850 0.00397507
6900 -0.00154588
6950 0.00192474
7000 -0.00219528
7050 -0.00129049
7100 -0.00169601
7150 -0.00022266
7200 -0.000116254
7250 -0.00188568
7300 -0.00022266
7350 -0.00121571
7400 0.00397507
7450 0.000594551
7500 0.00047177
7550 -0.00504314
7600 -0.00022266
7650 -0.00509018
7700 0.00194516
7750 -0.00380227
7800 0.00393022
7850 -0.0070351
7900 -0.0075374
7950 0.00175825
8000 0.000594551
8050 0.000978323
8100 0.000609455
8150 -0.00260259
8200 -0.00471253
8250 0.00235585
8300 -0.00022266
8350 -0.00169601
8400 -0.00188568
8450 -0.000116254
8500 -0.000173413
8550 -0.0070351
8600 -0.00471253
8650 -0.000116601
8700 -0.00260259
8750 -0.000293506
8800 0.00318351
8850 0.0069175
8900 0.00435025
8950 0.00175825
9000 -0.00332178
9050 0.00394683
9100 -0.00186687
9150 -0.00450221
9200 -0.0075374
9250 -0.000522195
9300 0.00621336
9350 0.00792682
9400 -0.00186687
9450 -0.000590168
9500 -0.000623806
9550 -0.00504314
9600 -0.00504314
9650 0.000594551
9700 -0.0070351
9750 -0.0075374
9800 -0.00186687
9850 -0.00169601
9900 -0.00332043
9950 -0.00509018
10000 0.00257238
10050 0.00257238
10100 0.0021895
10150 0.00318351
10200 -0.00179324
10250 -0.0075374
10300 -0.00236585
10350 0.0036317
10400 0.00397374
10450 -0.000623806
10500 -0.00309716
10550 0.00564302
10600 0.000594551
10650 -0.00265837
10700 -0.000216443
10750 -0.00188568
10800 -0.000522195
10850 -0.00129766
10900 0.00226305
10950 0.00349672
11000 -0.000216443
11050 -0.00956928
11100 -0.00219528
11150 -0.00236585
11200 -0.000116601
11250 -0.00653398
11300 0.00658717
11350 0.00175825
11400 0.00130379
11450 0.00257238
11500 -0.00309716
11550 -0.00309716
11600 -0.00239101
11650 0.00434932
11700 0.000540917
11750 0.000690586
11800 0.00021242
11850 0.00301054
11900 0.00220915
11950 -0.00121571
12000 0.0069175
12050 0.00281407
12100 0.00449559
12150 -0.000216443
12200 0.00175825
12250 0.000406939
12300 0.00225668
12350 -0.00129049
12400 -0.00235916
12450 0.00394683
12500 0.00601627
12550 0.000978323
12600 -0.00260259
12650 0.0021895
12700 -0.000216443
12750 -0.00121921
12800 -0.00140571
12850 -0.000522195
12900 0.00175825
12950 0.00434932
13000 0.000594551
13050 0.00128961
13100 0.00220885
13150 0.00220915
13200 -0.000623806
13250 -0.00235916
13300 -0.0070351
13350 0.0021895
13400 -0.00464945
13450 0.00116413
13500 -0.00179324
13550 -0.000623806
13600 -0.000208063
13650 0.00621336
13700 0.00397374
13750 -0.00219528
13800 -0.000293506
13850 -0.00471253
13900 0.00257238
13950 0.000609455
14000 -0.00464945
14050 0.000690586
14100 0.00349672
14150 -0.00627234
14200 -0.000173413
14250 0.00257238
14300 0.00137317
14350 -0.00219528
14400 -0.00450221
14450 0.00621336
14500 -0.00239101
14550 -0.000116601
14600 -0.000522195
14650 -0.00956928
14700 -0.0070351
14750 -0.00384843
14800 -0.00471253
14850 0.00434932
14900 -0.00179324
14950 -0.000318083
15000 -0.00189785
15050 0.00304923
15100 -0.00154588
15150 -0.00121921
15200 0.00449559
15250 -0.00188568
15300 -0.00265837
15350 0.0036317
15400 0.000690586
15450 -0.00121921
15500 0.00449559
15550 0.000594551
15600 -0.000424386
15650 -0.00022266
15700 -0.00140571
15750 0.00397507
15800 0.00047177
15850 -0.00162759
15900 -0.000424386
15950 -0.00188568
16000 0.000362018
16050 0.000609455
16100 -0.00154588
16150 -0.00450221
16200 0.00021242
16250 -0.00265837
16300 -0.00239101
16350 -0.00129049
16400 -0.00267343
16450 0.00564302
16500 -0.000475336
16550 -0.00471253
16600 0.00047177
16650 0.00564302
16700 0.00318351
16750 -0.00309716
16800 -0.00219528
16850 -0.00450221
16900 -0.00450221
16950 0.000406939
17000 0.00137317
17050 -0.000116601
17100 0.00265685
17150 -0.00129049
17200 0.00107907
17250 -0.00236585
17300 -0.00100804
17350 -0.000116601
17400 0.0021895
17450 0.000609455
17500 -0.00169601
17550 -0.00332043
17600 -0.000116601
17650 0.00318351
17700 0.00194516
17750 -0.000293506
17800 0.00192474
17850 0.00107907
17900 -0.00179324
17950 0.00137317
18000 -0.00627234
18050 0.000978323
18100 -0.00332178
18150 -0.00471253
18200 -0.00260259
18250 -0.00186687
18300 -0.00189785
18350 -0.000475336
18400 -0.000475336
18450 0.00658717
18500 -0.000590168
18550 -0.00235916
18600 0.00116413
18650 -0.00380227
18700 -0.00450221
18750 0.000540917
18800 -0.000475336
18850 -0.00956928
18900 -0.00627234
18950 0.000978323
19000 -0.00265837
19050 0.00435025
19100 0.00192474
19150 0.0021895
19200 -0.000116254
19250 0.00225668
19300 0.00116413
19350 0.00658717
19400 -0.00627234
19450 -0.000116601
19500 -0.000522195
19550 -0.00154588
19600 -0.000173413
19650 -0.00260259
19700 -0.00178727
19750 0.00225668
19800 0.000609455
19850 0.0036317
19900 -0.00188568
19950 -0.000216443
20000 -0.00239101
20050 -0.0070351
20100 -0.0070351
20150 -0.00260259
20200 0.00792682
20250 -0.000475336
20300 -0.00627234
20350 0.0036317
20400 0.00226305
20450 -0.00219528
20500 0.00220885
20550 0.00265685
20600 -0.00332178
20650 -0.00464945
20700 -0.0070351
20750 -0.00189785
20800 0.00194516
20850 -0.0075374
20900 -0.00129049
20950 0.00047177
21000 -0.00380227
21050 -0.0014389
21100 -0.00022266
21150 -0.00653398
21200 0.00107907
21250 -0.00509018
21300 -0.00121921
21350 -0.00267343
21400 0.000362018
21450 0.00301054
21500 -0.00219528
21550 0.0037274
21600 0.00175825
21650 -0.00121921
21700 -0.0075374
21750 0.000540917
21800 -8.36082e-05
21850 0.00147267
21900 -0.000216443
21950 -0.00653398
22000 -0.00464945
22050 -0.00188568
22100 -0.00140571
22150 0.00393022
22200 -0.000116601
22250 -0.00956928
22300 -0.00450221
22350 0.00235585
22400 0.000406939
22450 -0.00022266
22500 -8.36082e-05
22550 0.00435025
22600 -8.36082e-05
22650 0.00220885
22700 -0.00265837
22750 -0.000116254
22800 0.00116413
22850 -0.00464945
22900 -8.36082e-05
22950 -0.000116254
23000 0.0037274
23050 0.00226305
23100 -0.000116254
23150 -0.00162759
23200 0.0037274
23250 0.0069175
23300 0.00281407
23350 -8.36082e-05
23400 0.000406939
23450 -0.00140571
23500 -0.00464945
23550 -0.00129049
23600 0.00349672
23650 0.000594551
23700 -0.000116254
23750 -0.00129766
23800 -0.000590168
23850 0.00349672
23900 0.00318351
23950 0.00235585
24000 0.00147267
24050 0.000978323
24100 0.00175825
24150 0.00397507
24200 0.0037274
24250 0.00281407
24300 -0.00140571
24350 -0.00179324
24400 -0.00956928
24450 0.00147267
24500 -0.00260259
24550 -0.000116601
24600 -0.00267343
24650 -0.00265837
24700 0.000362018
24750 0.00349672
24800 -0.00179324
24850 0.00434932
24900 -0.00265837
24950 0.000594551
25000 -0.00653398
25050 -0.00627234
25100 -0.00384843
25150 -0.00504314
25200 -0.00504314
25250 -0.00236585
25300 -0.00332178
25350 -0.000447679
25400 -0.00332178
25450 -0.0014389
25500 -0.000293506
25550 -0.000318083
25600 0.0021895
25650 0.00128961
25700 -0.00022266
25750 -0.00309716
25800 0.00257238
25850 -0.00464945
25900 -0.00129049
25950 -0.00188568
26000 -0.00309716
26050 0.00225668
26100 0.00116413
26150 0.00393022
26200 -0.000424386
26250 -0.00380227
26300 0.0021895
26350 0.00107907
26400 0.00226305
26450 -0.00239101
26500 -0.00653398
26550 -0.00956928
26600 -0.00129766
26650 0.00226305
26700 -0.00186687
26750 -0.00267343
26800 0.00235585
26850 0.00393022
26900 -0.00186687
26950 -0.00188568
27000 -0.00235916
27050 -0.00178727
27100 -0.000623806
27150 0.0036317
27200 -0.00169601
27250 0.0037274
27300 -0.00364331
27350 0.00116413
27400 0.00621336
27450 0.00235585
27500 -0.00121921
27550 0.00449559
27600 0.000540917
27650 -0.00504314
27700 0.000978323
27750 0.00137317
27800 0.00257238
27850 0.00226305
27900 0.00021242
27950 -0.00464945
28000 0.00225668
28050 0.00397507
28100 -0.00260259
28150 0.00220915
28200 0.00281407
28250 -8.36082e-05
28300 0.00175825
28350 -0.00236585
28400 0.00235585
28450 -0.00178727
28500 -0.00265837
28550 -0.00022266
28600 -0.00239101
28650 -0.000590168
28700 -0.00022266
28750 0.00116413
28800 0.00393022
28850 -0.00236585
28900 -0.00100804
28950 -0.0070351
29000 -8.36082e-05
29050 0.00021242
29100 0.000540917
29150 -0.000623806
29200 -0.00186687
29250 -0.00235916
29300 -0.00121921
29350 -0.00956928
29400 -0.00464945
29450 -0.00267343
29500 -0.0014389
29550 0.00192474
29600 0.00601627
29650 -0.00235916
29700 -0.00179324
29750 -0.0075374
29800 0.00601627
29850 -0.00309716
29900 -8.36082e-05
29950 -0.000216443
30000 -0.00189785
30050 -0.00464945
30100 -0.00121921
30150 -0.000216443
30200 -0.00186687
30250 -0.000173413
30300 0.00194516
30350 -0.000293506
30400 -0.00022266
30450 -0.00188568
30500 -0.00464945
30550 -0.00956928
30600 0.00175825
30650 -0.00022266
30700 -0.00504314
30750 -0.00121571
30800 0.00137317
30850 0.00393022
30900 0.0036317
30950 -0.00121571
31000 -0.00129049
31050 0.00393022
31100 -0.00627234
31150 -0.00956928
31200 -0.00121571
31250 -0.00332178
31300 0.00116413
31350 -0.00464945
31400 0.0069175
31450 0.00194516
31500 -0.00162759
31550 -0.00178727
31600 -0.00332178
31650 -0.000475336
31700 0.00225668
31750 0.00397374
31800 -0.00129049
31850 -0.00464945
31900 -0.000208063
31950 -0.00129766
32000 -0.000623806
32050 -0.0014389
32100 -0.000208063
32150 0.00220885
32200 0.00621336
32250 -0.00471253
32300 0.000362018
32350 0.00226305
32400 -0.00265837
32450 0.000540917
32500 -0.00154588
32550 -0.00265837
32600 -0.00162759
32650 -0.000318083
32700 0.00147267
32750 0.00220915
32800 0.0037274
32850 -0.00178727
32900 0.00107907
32950 0.00281407
33000 -0.00186687
33050 0.00792682
33100 -0.000208063
33150 -0.00140571
33200 0.00220915
33250 0.000362018
33300 -0.00509018
33350 -0.00504314
33400 0.00564302
33450 0.00397507
33500 -0.00129049
33550 0.00393022
33600 0.0069175
33650 0.00147267
33700 0.00318351
33750 -0.00450221
33800 0.00047177
33850 -0.0070351
33900 -0.00169601
33950 -0.00504314
34000 0.00225668
34050 -0.00260259
34100 0.000362018
34150 -0.00121921
34200 0.00107907
34250 -0.0075374
34300 -0.000216443
34350 0.00601627
34400 0.00220915
34450 -0.00260259
34500 0.00792682
34550 0.000609455
34600 0.00394683
34650 -0.000590168
34700 0.00265685
34750 0.000594551
34800 0.00107907
34850 -0.00384843
34900 -0.000293506
34950 -0.000129205
35000 0.00225668
35050 -0.00188568
35100 -8.36082e-05
35150 -0.000522195
35200 0.00047177
35250 -0.000116254
35300 -0.00265837
35350 0.000362018
35400 -0.000173413
35450 -0.000116254
35500 -0.000116254
35550 -0.000318083
35600 -0.000424386
35650 -0.000216443
35700 0.0037274
35750 -0.00236585
35800 -0.00267343
35850 0.00235585
35900 0.00192474
35950 0.00220885
36000 0.00021242
36050 -8.36082e-05
36100 -0.000590168
36150 -0.000129205
36200 0.00116413
36250 -0.000216443
36300 0.0069175
36350 0.00116413
36400 -0.00450221
36450 0.00257238
36500 -0.00380227
36550 -0.000447679
36600 0.00564302
36650 0.000406939
36700 -0.000522195
36750 -0.000590168
36800 -0.00154588
36850 0.00621336
36900 -0.00235916
36950 -0.00178727
37000 -0.00179324
37050 -0.000475336
37100 0.00621336
37150 0.00349672
37200 -0.00504314
37250 -0.00121571
37300 0.0069175
37350 0.00175825
37400 0.00281407
37450 -0.000590168
37500 -0.00121921
37550 -0.0070351
37600 0.00225668
37650 -0.00332043
37700 -0.000447679
37750 -0.000475336
37800 -0.00380227
37850 0.000540917
37900 0.000406939
37950 -0.00129766
38000 -0.00188568
38050 -0.000475336
38100 0.000690586
38150 0.00301054
38200 -0.00129049
38250 0.000594551
38300 0.00304923
38350 -0.00179324
38400 -0.00627234
38450 -0.00653398
38500 0.00318351
38550 -0.00464945
38600 -0.00179324
38650 0.00116413
38700 -0.00267343
38750 0.00130379
38800 0.00792682
38850 -0.000129205
38900 -0.00236585
38950 0.0021895
39000 -0.00178727
39050 -0.00332043
39100 0.00021242
39150 -0.00162759
39200 0.00397374
39250 0.00137317
39300 -0.00627234
39350 -0.00471253
39400 0.0021895
39450 -0.00471253
39500 0.00220885
39550 0.000540917
39600 -0.000116601
39650 0.00449559
39700 -0.000318083
39750 0.00397507
39800 0.0069175
39850 0.00175825
39900 -0.00186687
39950 -0.00509018
40000 -0.00504314
40050 0.00434932
40100 -8.36082e-05
40150 -0.00188568
40200 0.00601627
40250 -0.00179324
40300 0.00226305
40350 0.00601627
40400 -0.00162759
40450 -0.00169601
40500 0.00047177
40550 -0.0070351
40600 0.00397374
40650 0.00393022
40700 0.00220915
40750 -0.00267343
40800 0.00220885
40850 -0.00504314
40900 -0.00384843
40950 -0.000208063
41000 0.00235585
41050 -0.0014389
41100 -0.00235916
41150 0.00130379
41200 -0.000293506
41250 0.00281407
41300 -0.000116601
41350 -0.00179324
41400 0.00257238
41450 -0.00022266
41500 -0.00121571
41550 -0.00189785
41600 0.00318351
41650 -0.000208063
41700 0.00116413
41750 -0.000447679
41800 0.000540917
41850 -0.00129049
41900 -0.00239101
41950 0.00397507
42000 -0.00332178
42050 -0.00022266
42100 0.00220885
42150 0.000406939
42200 -0.00154588
42250 -0.00260259
42300 -0.00162759
42350 0.0036317
42400 0.00235585
42450 -0.00332043
42500 0.00318351
42550 -0.00956928
42600 0.00564302
42650 0.000540917
42700 0.00394683
42750 -0.00186687
42800 0.00397507
42850 -0.00653398
42900 -0.000216443
42950 -0.00121921
43000 -0.00121921
43050 0.00658717
43100 0.00235585
43150 -0.00186687
43200 -0.00332178
43250 -0.00121571
43300 -0.00154588
43350 0.000594551
43400 -0.000116254
43450 0.00621336
43500 -0.00188568
43550 -0.00154588
43600 0.00658717
43650 -0.00260259
43700 -0.00178727
43750 0.00394683
43800 -0.0014389
43850 0.000594551
43900 0.00175825
43950 -0.00380227
44000 -0.000216443
44050 0.00130379
44100 -0.000216443
44150 -0.000129205
44200 -0.0070351
44250 -0.000116601
44300 -0.00504314
44350 -0.00140571
44400 -0.00239101
44450 -8.36082e-05
44500 0.0036317
44550 -0.0070351
44600 -0.000475336
44650 -0.00380227
44700 -0.0014389
44750 0.00304923
44800 -0.00186687
44850 -0.000293506
44900 -0.000522195
44950 0.0021895
45000 -0.00236585
45050 0.00304923
45100 -0.000623806
45150 0.000978323
45200 0.00434932
45250 0.00194516
45300 0.00349672
45350 0.0021895
45400 0.00128961
45450 -0.00384843
45500 0.000609455
45550 0.00137317
45600 -0.00627234
45650 -0.00450221
45700 -0.000116254
45750 -8.36082e-05
45800 0.000406939
45850 -0.00219528
45900 -8.36082e-05
45950 -0.00179324
46000 0.0021895
46050 -0.000475336
46100 0.00397507
46150 -0.00384843
46200 -0.000216443
46250 0.00116413
46300 0.00564302
46350 -0.00219528
46400 0.0037274
46450 0.0021895
46500 -0.00653398
46550 0.000406939
46600 0.00220915
46650 0.00257238
46700 0.00220915
46750 0.00393022
46800 -0.00239101
46850 -0.00380227
46900 0.00397507
46950 -0.00022266
47000 0.00304923
47050 -0.000522195
47100 -0.00332043
47150 -0.00260259
47200 0.00397507
47250 0.00301054
47300 -0.00100804
47350 -0.00239101
47400 -0.00121921
47450 -0.00464945
47500 -0.00129049
47550 0.00564302
47600 0.00397374
47650 0.00137317
47700 0.00021242
47750 -0.00627234
47800 -0.000173413
47850 0.00792682
47900 -8.36082e-05
47950 -0.000424386
48000 -0.00627234
48050 0.00130379
48100 -0.000590168
48150 -0.00140571
48200 0.00349672
48250 0.00621336
48300 -0.000475336
48350 -0.00140571
48400 -0.00364331
48450 0.000406939
48500 -0.00504314
48550 0.00137317
48600 0.00349672
48650 -0.0070351
48700 -0.00239101
48750 0.0069175
48800 -0.000116601
48850 -0.00450221
48900 -0.000116601
48950 -0.000293506
49000 -0.00022266
49050 -0.00154588
49100 -0.000116601
49150 -0.00129049
49200 -0.00239101
49250 0.00792682
49300 -0.00121571
49350 -0.00236585
49400 0.00601627
49450 0.00564302
49500 0.00225668
49550 -0.00627234
49600 -0.00464945
49650 -0.000623806
49700 -0.000208063
49750 0.000406939
49800 -0.00265837
49850 -0.000424386
49900 0.0037274
49950 -0.0070351
50000 0.00047177
50050 -0.00509018
50100 -0.00267343
50150 -0.00332043
50200 -0.00267343
50250 -0.00239101
50300 0.00301054
50350 -0.000216443
50400 0.00220885
50450 0.00047177
50500 -0.0075374
50550 0.0021895
50600 -0.00464945
50650 -0.00260259
50700 -0.00121571
50750 0.00397374
50800 0.00281407
50850 0.00147267
50900 0.00792682
50950 0.00304923
51000 -0.00471253
51050 0.00397507
51100 0.00265685
51150 -0.00186687
51200 0.00147267
51250 0.00397507
51300 -0.00239101
51350 -0.0014389
51400 0.00225668
51450 -0.0014389
51500 0.000978323
51550 0.0069175
51600 -0.00188568
51650 0.00220915
51700 0.00434932
51750 -0.00179324
51800 -0.00309716
51850 0.0069175
51900 -0.00169601
51950 -0.00504314
52000 0.00021242
52050 -0.000447679
52100 -0.00450221
52150 -8.36082e-05
52200 -0.00260259
52250 -0.0075374
52300 -0.000447679
52350 -0.00169601
52400 -0.00653398
52450 -8.36082e-05
52500 0.00192474
52550 -0.00260259
52600 -0.00188568
52650 -8.36082e-05
52700 -0.00384843
52750 0.00226305
52800 -0.00364331
52850 0.00318351
52900 0.00220915
52950 -0.000447679
53000 -0.00236585
53050 -0.00380227
53100 -0.000293506
53150 -0.000129205
53200 0.00394683
53250 0.00349672
53300 -0.000116601
53350 0.0021895
53400 0.00220915
53450 -0.00188568
53500 0.000406939
53550 0.0021895
53600 0.00128961
53650 -0.0014389
53700 0.00116413
53750 0.00349672
53800 0.00116413
53850 -0.00121571
53900 0.00397374
53950 -0.0014389
54000 0.000594551
54050 -0.000173413
54100 0.00226305
54150 -0.00235916
54200 -0.00140571
54250 -0.00100804
54300 0.00116413
54350 0.000609455
54400 0.00449559
54450 0.000540917
54500 0.00318351
54550 -0.00464945
54600 0.00658717
54650 0.00021242
54700 0.00397374
54750 0.00304923
54800 -0.000318083
54850 -0.0014389
54900 0.00621336
54950 0.00349672
55000 -0.00384843
55050 -0.000293506
55100 0.00792682
55150 -0.00188568
55200 0.00621336
55250 -0.00129766
55300 -0.000424386
55350 -0.00121921
55400 0.000406939
55450 0.0021895
55500 0.00265685
55550 -0.00179324
55600 0.00047177
55650 -0.00267343
55700 -0.000475336
55750 -0.000623806
55800 0.00564302
55850 -0.00140571
55900 -0.000590168
55950 0.00434932
56000 0.000362018
56050 -0.00260259
56100 -0.00121571
56150 -0.00627234
56200 -0.00384843
56250 0.000609455
56300 0.000609455
56350 -0.000129205
56400 0.00349672
56450 -0.00121921
56500 0.00047177
56550 -0.00188568
56600 0.00435025
56650 0.0021895
56700 0.00449559
56750 -0.000116254
56800 0.00047177
56850 0.00397374
56900 -0.00450221
56950 0.00564302
57000 -0.00627234
57050 -0.00653398
57100 0.00225668
57150 0.0069175
57200 0.00349672
57250 0.00116413
57300 0.00147267
57350 0.00349672
57400 -0.000590168
57450 -0.00260259
57500 0.00304923
57550 -0.00464945
57600 -0.000424386
57650 -0.000475336
57700 0.00349672
57750 -0.000293506
57800 -0.000623806
57850 0.00304923
57900 0.00397507
57950 0.00435025
58000 -0.00121921
58050 0.00601627
58100 -0.00178727
58150 0.00658717
58200 -0.00188568
58250 -0.00235916
58300 -0.000116601
58350 0.00349672
58400 -0.00956928
58450 0.000594551
58500 0.00304923
58550 0.00393022
58600 0.00434932
58650 -0.000318083
58700 -0.00627234
58750 -0.00239101
58800 -0.00154588
58850 -0.000173413
58900 -0.00169601
58950 0.00304923
59000 0.00226305
59050 0.00021242
59100 0.00137317
59150 0.00128961
59200 -0.000424386
59250 0.00349672
59300 0.00397507
59350 0.00235585
59400 -0.00384843
59450 0.00393022
59500 0.00192474
59550 0.00116413
59600 0.00658717
59650 -0.00188568
59700 0.00192474
59750 0.00235585
59800 0.00235585
59850 0.00601627
59900 -0.000590168
59950 0.000362018
60000 -0.000318083
60050 0.00235585
60100 0.00220915
60150 -0.00235916
60200 0.00257238
60250 -0.00189785
60300 -0.00179324
60350 0.00318351
60400 0.00220915
60450 0.000594551
60500 0.00281407
60550 0.00257238
60600 0.00621336
60650 -0.00121571
60700 0.000690586
60750 0.00601627
60800 -0.000623806
60850 -0.000173413
60900 0.00601627
60950 0.00394683
61000 -0.00121571
61050 -0.000447679
61100 0.000978323
61150 -0.00380227
61200 0.00658717
61250 -0.00121571
61300 -0.00364331
61350 -0.000447679
61400 -0.0075374
61450 -0.00364331
61500 -0.000116601
61550 -0.00140571
61600 -0.00154588
61650 -0.00140571
61700 -0.00464945
61750 0.00047177
61800 -0.000475336
61850 -0.00265837
61900 0.00394683
61950 0.00128961
62000 -8.36082e-05
62050 -0.000116254
62100 -0.000208063
62150 0.00225668
62200 -0.00236585
62250 -0.000208063
62300 -0.0014389
62350 0.00137317
62400 -0.000173413
62450 -0.00380227
62500 -0.00956928
62550 -0.00265837
62600 0.00226305
62650 0.00434932
62700 0.00220915
62750 -0.000475336
62800 -0.00265837
62850 0.000690586
62900 0.00393022
62950 0.00107907
63000 0.00434932
63050 -0.000208063
63100 -0.000116601
63150 0.00220885
63200 -0.00627234
63250 -0.00129049
63300 0.00435025
63350 -0.000475336
63400 -0.000173413
63450 -0.00219528
63500 0.00116413
63550 0.00281407
63600 0.00397507
63650 -0.000173413
63700 -0.00332043
63750 0.00194516
63800 -0.000216443
63850 -0.00162759
63900 0.00397507
63950 -0.00627234
64000 -0.00140571
64050 0.00397374
64100 0.00226305
64150 0.00021242
64200 -0.000293506
64250 -0.00380227
64300 -0.000522195
64350 -0.00239101
64400 0.000609455
64450 0.00021242
64500 0.00393022
64550 0.0021895
64600 0.00449559
64650 0.00235585
64700 -0.000293506
64750 0.00397507
64800 -0.00188568
64850 0.00281407
64900 0.00449559
64950 -0.000590168
65000 -0.000208063
65050 -0.000173413
65100 0.00318351
65150 -0.00140571
65200 0.00304923
65250 0.00281407
65300 -0.00189785
65350 0.000362018
65400 -0.00219528
65450 0.00220915
65500 0.00226305
65550 0.00194516
65600 0.000362018
65650 0.000594551
65700 -0.00154588
65750 -0.00236585
65800 0.0037274
65850 -0.00236585
65900 0.000978323
65950 -0.00332043
66000 -0.00236585
66050 0.00434932
66100 0.00220885
66150 -0.00121571
66200 -0.00265837
66250 0.00394683
66300 0.00128961
66350 -0.00154588
66400 -0.00627234
66450 0.00047177
66500 0.00393022
66550 0.00397507
66600 -0.00239101
66650 0.00192474
66700 0.00192474
66750 -0.000116601
66800 -0.00956928
66850 -0.00380227
66900 -0.00627234
66950 -0.00189785
67000 -0.00332043
67050 -0.00129049
67100 0.00137317
67150 0.00434932
67200 0.00394683
67250 -0.00471253
67300 0.000362018
67350 0.00435025
67400 0.00225668
67450 0.00435025
67500 0.0021895
67550 0.000540917
67600 -0.00022266
67650 0.00449559
67700 -0.00022266
67750 -0.000173413
67800 -0.00504314
67850 -0.00129766
67900 0.000540917
67950 -0.0075374
68000 0.00147267
68050 0.00349672
68100 -0.00186687
68150 0.00220885
68200 -0.0014389
68250 -0.00129766
68300 -0.00627234
68350 0.0037274
68400 -0.00129766
68450 -0.00140571
68500 -0.00653398
68550 0.00225668
68600 0.000690586
68650 -0.000623806
68700 -0.000116254
68750 0.00658717
68800 -0.000447679
68850 -0.00100804
68900 -0.000116254
68950 0.00235585
69000 -0.000522195
69050 -0.00464945
69100 -0.00509018
69150 -0.00162759
69200 -0.00236585
69250 0.00235585
69300 0.00220915
69350 -0.00260259
69400 0.000978323
69450 0.00601627
69500 -0.00179324
69550 -0.00121571
69600 -0.00504314
69650 0.0036317
69700 -0.00169601
69750 0.00235585
69800 -0.00450221
69850 -0.000116601
69900 -0.00129049
69950 -0.000522195
70000 -0.00239101
70050 0.00021242
70100 -0.000173413
70150 0.00235585
70200 -0.00267343
70250 0.00449559
70300 0.00304923
70350 0.00257238
70400 0.00601627
70450 -0.00450221
70500 0.00265685
70550 0.00147267
70600 -0.000623806
70650 0.00220915
70700 0.000594551
70750 -0.00504314
70800 0.00192474
70850 0.00116413
70900 -0.00189785
70950 0.00021242
71000 -8.36082e-05
71050 -0.00260259
71100 -0.00219528
71150 0.00257238
71200 0.00393022
71250 -0.000318083
71300 0.00394683
71350 0.00192474
71400 0.00449559
71450 0.00434932
71500 0.00257238
71550 -0.000623806
71600 0.00564302
71650 -0.00169601
71700 0.00397374
71750 0.00318351
71800 0.00564302
71850 -0.000318083
71900 -0.00471253
71950 0.00147267
72000 -0.00219528
72050 0.00564302
72100 0.00301054
72150 -0.00239101
72200 0.000540917
72250 -0.00332178
72300 0.000978323
72350 0.00175825
72400 -0.00189785
72450 -0.000116601
72500 -0.0075374
72550 0.00194516
72600 -0.00267343
72650 -0.00364331
72700 -0.00179324
72750 0.000362018
72800 0.0069175
72850 0.000406939
72900 0.0069175
72950 0.00265685
73000 0.0021895
73050 0.00435025
73100 -0.000173413
73150 0.00621336
73200 0.00128961
73250 -0.00178727
73300 -0.00509018
73350 -0.00332178
73400 -0.00309716
73450 -0.00260259
73500 -0.00450221
73550 0.00564302
73600 0.0037274
73650 -0.000208063
73700 -0.00364331
73750 -0.00154588
73800 0.00394683
73850 -0.00129766
73900 -0.00332178
73950 -0.00121921
74000 0.00658717
74050 -0.00169601
74100 0.00220915
74150 0.000540917
74200 -0.00627234
74250 -0.0014389
74300 0.00220915
74350 -0.00364331
74400 -0.000424386
74450 0.00225668
74500 0.00434932
74550 -0.000623806
74600 0.00220915
74650 -0.000447679
74700 -0.00189785
74750 -0.00162759
74800 0.00130379
74850 -0.00509018
74900 -0.00022266
74950 -0.000475336
75000 -0.000293506
75050 -0.00121921
75100 -0.00188568
75150 -0.00260259
75200 -0.000475336
75250 0.000594551
75300 0.00220885
75350 0.00047177
75400 -0.00265837
75450 -0.00364331
75500 -0.00129766
75550 -0.00121571
75600 -0.00509018
75650 -0.00267343
75700 -0.00471253
75750 0.000609455
75800 0.00220885
75850 0.00226305
75900 0.000540917
75950 -0.00471253
76000 -0.00956928
76050 0.00257238
76100 -0.00129049
76150 0.000540917
76200 0.000609455
76250 -0.00140571
76300 0.00304923
76350 0.00434932
76400 -0.0075374
76450 -0.000447679
76500 -0.00178727
76550 0.0069175
76600 0.00194516
76650 -0.00239101
76700 -0.000116601
76750 -0.000216443
76800 -8.36082e-05
76850 -0.00380227
76900 -0.0075374
76950 0.0069175
77000 0.00192474
77050 -8.36082e-05
77100 -0.00627234
77150 0.00397507
77200 0.00047177
77250 -0.00121921
77300 -0.00235916
77350 0.0036317
77400 -0.00509018
77450 0.00147267
77500 -0.000318083
77550 -0.000475336
77600 0.00349672
77650 0.000690586
77700 -0.00022266
77750 0.000609455
77800 0.000609455
77850 -0.0075374
77900 -0.00653398
77950 -0.00384843
78000 -0.00129049
78050 0.000978323
78100 -0.00464945
78150 -0.00236585
78200 0.00147267
78250 0.00281407
78300 -0.000447679
78350 -0.00265837
78400 -0.00267343
78450 -0.00627234
78500 0.000540917
78550 0.00257238
78600 0.00147267
78650 -0.00384843
78700 -0.00188568
78750 -0.00169601
78800 0.0021895
78850 0.00304923
78900 -0.000129205
78950 0.00449559
79000 0.00281407
79050 0.000406939
79100 -0.00504314
79150 0.00449559
79200 0.00397507
79250 0.0036317
79300 -0.00169601
79350 -0.00364331
79400 0.00021242
79450 0.000594551
79500 0.00128961
79550 0.00397374
79600 0.0037274
79650 -0.000623806
79700 0.00434932
79750 0.00301054
79800 -0.00332043
79850 0.000362018
79900 0.00601627
79950 -0.00267343
80000 -0.00236585
80050 0.00435025
80100 -0.00129049
80150 -0.00267343
80200 0.00175825
80250 -0.00309716
80300 -0.00627234
80350 0.00116413
80400 -0.000293506
80450 0.000406939
80500 0.00281407
80550 -0.0070351
80600 0.00225668
80650 -0.00380227
80700 -0.00504314
80750 0.00658717
80800 -0.000424386
80850 -0.00239101
80900 0.00304923
80950 0.00397374
81000 -0.00188568
81050 -0.000623806
81100 0.00792682
81150 0.00393022
81200 0.00601627
81250 -0.00178727
81300 0.00128961
81350 -0.000116254
81400 0.00304923
81450 0.00130379
81500 -0.00121921
81550 -0.000216443
81600 -0.00140571
81650 -0.00022266
81700 0.00394683
81750 0.00257238
81800 -0.000623806
81850 0.00792682
81900 -0.000475336
81950 -0.00179324
82000 0.00792682
82050 -0.000475336
82100 -0.00121571
82150 0.0036317
82200 0.00564302
82250 -0.0070351
82300 0.000978323
82350 0.00318351
82400 0.00220915
82450 0.00304923
82500 0.000594551
82550 -0.00509018
82600 -0.00450221
82650 0.00301054
82700 -0.00022266
82750 0.00235585
82800 0.00349672
82850 0.00194516
82900 -0.00162759
82950 0.00235585
83000 -0.0014389
83050 -0.000623806
83100 -0.00627234
83150 0.00564302
83200 0.00257238
83250 -0.0014389
83300 -0.000475336
83350 -0.000623806
83400 -0.00121921
83450 -0.00022266
83500 0.00225668
83550 0.000978323
83600 -0.00121571
83650 -0.00154588
83700 -0.00265837
83750 0.00792682
83800 0.00449559
83850 -0.00121921
83900 -0.000623806
83950 0.00435025
84000 0.00147267
84050 0.000406939
84100 0.00397374
84150 -0.00332178
84200 -0.00364331
84250 -0.00100804
84300 0.00449559
84350 -0.00121921
84400 -0.00121571
84450 -0.00471253
84500 -0.00239101
84550 0.000406939
84600 0.00047177
84650 -0.00504314
84700 0.000406939
84750 0.00304923
84800 0.00792682
84850 0.00130379
84900 -0.00100804
84950 -0.00332178
85000 -0.00384843
85050 -0.000129205
85100 0.0036317
85150 0.00047177
85200 0.00194516
85250 -0.000447679
85300 0.00192474
85350 -0.00162759
85400 -0.00121571
85450 -0.00178727
85500 0.00449559
85550 -0.00188568
85600 0.00304923
85650 0.00194516
85700 0.000406939
85750 -0.00022266
85800 -0.00186687
85850 -0.00332178
85900 0.000362018
85950 -0.00121571
86000 0.00621336
86050 -0.00169601
86100 0.00147267
86150 0.00130379
86200 0.00394683
86250 -0.00169601
86300 -0.00178727
86350 -0.00169601
86400 0.00301054
86450 -0.000447679
86500 -0.00154588
86550 -0.00219528
86600 -0.000293506
86650 -0.00653398
86700 0.000690586
86750 -0.00627234
86800 -0.00464945
86850 -0.00189785
86900 -0.000623806
86950 -0.00384843
87000 0.000594551
87050 0.000690586
87100 0.00397507
87150 -0.00464945
87200 0.00220885
87250 0.00047177
87300 0.000690586
87350 0.00194516
87400 0.00621336
87450 -0.00100804
87500 -0.00219528
87550 0.0021895
87600 -0.00022266
87650 0.00116413
87700 0.00130379
87750 -0.00260259
87800 -0.000216443
87850 -0.00219528
87900 -0.000318083
87950 0.0036317
88000 0.00175825
88050 0.00220885
88100 0.00397374
88150 -0.00464945
88200 0.00621336
88250 -0.00129766
88300 -0.00235916
88350 -0.00022266
88400 0.00192474
88450 0.0037274
88500 -0.00384843
88550 -0.00236585
88600 0.00225668
88650 -0.00235916
88700 -0.000129205
88750 0.000594551
88800 -0.000522195
88850 0.00128961
88900 -0.00235916
88950 0.00301054
89000 0.00397507
89050 -0.00121571
89100 -0.000173413
89150 0.00225668
89200 -0.00332178
89250 0.00621336
89300 -0.00265837
89350 0.00449559
89400 -0.00154588
89450 0.0069175
89500 0.0037274
89550 0.00147267
89600 -0.00100804
89650 -0.00179324
89700 -0.00236585
89750 0.0037274
89800 -0.00265837
89850 -0.000173413
89900 -0.00236585
89950 -0.00627234
90000 -0.00309716
90050 -0.000129205
90100 0.000540917
90150 0.00116413
90200 0.0037274
90250 -0.00121571
90300 -0.000116601
90350 0.0037274
90400 -0.000173413
90450 -0.00169601
90500 -0.00129766
90550 0.00128961
90600 -0.00627234
90650 -0.000623806
90700 0.00137317
90750 0.00449559
90800 -0.000116601
90850 0.00226305
90900 0.0036317
90950 -0.00022266
91000 0.00449559
91050 -8.36082e-05
91100 -0.00384843
91150 0.000978323
91200 0.00147267
91250 0.00393022
91300 -0.00504314
91350 0.00047177
91400 -0.000116601
91450 -0.00332043
91500 0.00394683
91550 -0.00235916
91600 -0.0070351
91650 -0.00219528
91700 -0.0014389
91750 -0.000447679
91800 0.0037274
91850 -0.0075374
91900 0.00107907
91950 -0.0014389
92000 0.00434932
92050 0.00304923
92100 0.00435025
92150 0.000594551
92200 -0.00464945
92250 0.000609455
92300 -0.000216443
92350 -0.00239101
92400 -0.00186687
92450 -0.00627234
92500 -0.00265837
92550 0.00564302
92600 0.00265685
92650 0.0036317
92700 -0.00169601
92750 -0.00332178
92800 0.00394683
92850 -0.0014389
92900 0.000540917
92950 -0.00189785
93000 -0.0075374
93050 -0.000216443
93100 0.000406939
93150 0.00397374
93200 0.000690586
93250 -0.00450221
93300 -0.00189785
93350 0.00792682
93400 0.0069175
93450 -0.00178727
93500 0.0069175
93550 -0.00188568
93600 -0.000447679
93650 0.00137317
93700 0.00304923
93750 -0.00260259
93800 -0.00332043
93850 -0.00219528
93900 -0.00154588
93950 0.00349672
94000 0.00257238
94050 0.00128961
94100 -0.00236585
94150 -0.00267343
94200 -0.00178727
94250 0.00192474
94300 0.000978323
94350 0.00435025
94400 0.00192474
94450 0.00265685
94500 0.00175825
94550 -0.00129766
94600 -0.00509018
94650 -0.00239101
94700 0.00449559
94750 0.00564302
94800 0.00397507
94850 -0.00169601
94900 0.00281407
94950 0.00658717
95000 -0.000293506
95050 0.00116413
95100 -0.00129766
95150 0.00601627
95200 0.00393022
95250 0.00397507
95300 0.00349672
95350 -0.00627234
95400 -0.000116601
95450 -0.000590168
95500 -0.000173413
95550 -0.00140571
95600 -0.00265837
95650 0.000594551
95700 0.0036317
95750 0.00792682
95800 -0.00309716
95850 0.00175825
95900 -0.0070351
95950 0.00137317
96000 0.00449559
96050 -0.00140571
96100 -0.00129049
96150 -0.00265837
96200 0.00225668
96250 -0.00380227
96300 -0.00100804
96350 0.00257238
96400 0.0069175
96450 0.000594551
96500 -0.000116254
96550 -0.00956928
96600 0.00349672
96650 -0.00178727
96700 -0.00235916
96750 0.00226305
96800 0.00116413
96850 0.00021242
96900 -0.00162759
96950 -0.00364331
97000 0.000690586
97050 0.000362018
97100 -0.00239101
97150 -0.00169601
97200 -0.00265837
97250 -0.0070351
97300 -0.000424386
97350 -0.000424386
97400 -0.000590168
97450 0.00220915
97500 0.00225668
97550 0.00021242
97600 0.0021895
97650 0.00397374
97700 0.0021895
97750 -0.00162759
97800 0.00107907
97850 0.000362018
97900 -0.00653398
97950 -0.00267343
98000 0.00175825
98050 0.00137317
98100 0.00226305
98150 -0.00309716
98200 -0.00332043
98250 -0.000318083
98300 -0.00384843
98350 -0.00186687
98400 0.00225668
98450 -0.00100804
98500 -0.00509018
98550 0.00601627
98600 0.00192474
98650 -0.00178727
98700 0.000609455
98750 0.000594551
98800 -0.00140571
98850 0.00349672
98900 0.00194516
98950 0.0021895
99000 -0.000424386
99050 -0.000216443
99100 0.00235585
99150 0.00658717
99200 0.00192474
99250 -0.00384843
99300 0.00130379
99350 -0.00140571
99400 -8.36082e-05
99450 0.0069175
99500 0.00220915
99550 0.00192474
99600 -0.000116601
99650 -0.00179324
99700 -0.00265837
99750 0.00349672
99800 -0.000129205
99850 -0.000293506
99900 0.00235585
99950 -0.00265837
