0 -0.00174541
50 0.000949961
100 4.98179e-05
150 0.000809716
200 -0.00111479
250 0.00158194
300 0.00410639
350 -0.00050643
400 -0.00286915
450 -0.000414822
500 0.00387927
550 -0.00145131
600 0.000117803
650 -0.000252208
700 -0.00114105
750 0.00781278
800 0.000499685
850 -0.00175657
900 -0.00574313
950 -0.00417526
1000 0.000314922
1050 -0.00327994
1100 -0.00144048
1150 -0.0011577
1200 0.00322675
1250 0.00434482
1300 0.00879344
1350 -0.00111479
1400 0.00080994
1450 0.0014351
1500 -0.0123479
1550 0.000690921
1600 0.00274198
1650 -0.00556954
1700 0.00781278
1750 -0.0123479
1800 -0.000830737
1850 0.000970322
1900 0.00177907
1950 -0.000530368
2000 0.00846947
2050 0.000961711
2100 6.28752e-05
2150 -0.00574313
2200 0.0014086
2250 0.000314922
2300 0.000341392
2350 0.000961711
2400 -0.0103524
2450 0.00102735
2500 0.00213406
2550 -0.00105915
2600 0.00112529
2650 0.000813621
2700 -2.02919e-05
2750 -0.00144048
2800 0.000341392
2850 -0.00345385
2900 0.00879344
2950 0.00180426
3000 0.000117803
3050 -0.000530368
3100 -0.002885
3150 -0.00144048
3200 0.000376818
3250 0.000970322
3300 0.00102735
3350 -0.00341055
3400 0.000376818
3450 -0.00345385
3500 0.00080994
3550 0.00325466
3600 0.00102735
3650 0.00112616
3700 0.00375757
3750 -0.00145131
3800 6.28752e-05
3850 0.00375757
3900 0.00177907
3950 -0.00145131
4000 0.00504522
4050 -0.000252121
4100 0.00180808
4150 -0.000530368
4200 0.000181613
4250 0.00434482
4300 -0.002885
4350 -0.00111479
4400 -0.000134736
4450 0.00334849
4500 0.00358897
4550 -0.00114105
4600 -0.00477688
4650 0.00081006
4700 0.000701529
4750 0.00219733
4800 0.00112529
4850 -0.00574313
4900 0.00215746
4950 0.000349817
5000 0.00081006
5050 0.00215746
5100 0.00325466
5150 -0.000252208
5200 -0.00286915
5250 0.000376818
5300 0.00156013
5350 -0.0011577
5400 0.00274198
5450 -0.00415049
5500 0.00274198
5550 -0.00126266
5600 0.000809716
5650 0.00434482
5700 0.0014351
5750 -0.00122423
5800 0.00504522
5850 -0.00145131
5900 0.0087489
5950 0.000117803
6000 -0.0103524
6050 0.00434482
6100 2.04768e-05
6150 0.00434482
6200 0.000181613
6250 0.00337456
6300 0.0021352
6350 0.00215746
6400 -0.00556954
6450 0.000604397
6500 0.00431901
6550 0.0014086
6600 -0.00836648
6650 0.000809716
6700 0.00180808
6750 -0.000213604
6800 -0.00050643
6850 -9.50336e-05
6900 -0.00175657
6950 -0.00341055
7000 -0.00175657
7050 4.98179e-05
7100 0.00081006
7150 -0.0011577
7200 0.000961711
7250 0.000376818
7300 -2.02919e-05
7350 0.00080994
7400 0.00213406
7450 2.04768e-05
7500 -0.00397987
7550 -0.00126266
7600 -0.000319435
7650 0.00081006
7700 -0.00463092
7750 0.00375757
7800 0.00879344
7850 -0.0103524
7900 2.04768e-05
7950 -2.02919e-05
8000 0.000341392
8050 0.00358897
8100 0.000949961
8150 -0.00477688
8200 0.000181613
8250 -0.00327994
8300 0.00081006
8350 0.00274198
8400 -0.000414822
8450 0.00102735
8500 0.00434482
8550 0.00846947
8600 -0.0109584
8650 0.000809716
8700 -0.00114105
8750 0.00530617
8800 0.00081006
8850 -0.00755809
8900 0.00781278
8950 0.00846947
9000 0.00325466
9050 -0.00415049
9100 -0.00415049
9150 0.00213406
9200 0.00177907
9250 0.00781278
9300 -0.00105915
9350 -0.000213604
9400 -0.00174541
9450 -0.002885
9500 4.98179e-05
9550 0.00112529
9600 -0.00201398
9650 0.00158194
9700 0.000376818
9750 -0.00174541
9800 -0.0011577
9850 -0.00175657
9900 0.00434482
9950 0.00180426
10000 0.00879344
10050 0.00879344
10100 -0.0011577
10150 -0.00397987
10200 0.00530617
10250 0.00081006
10300 -2.02919e-05
10350 0.00334849
10400 -0.0011577
10450 0.00375757
10500 -0.00327994
10550 -0.00415049
10600 0.000809716
10650 4.98179e-05
10700 -0.00463092
10750 0.00504522
10800 -0.00463092
10850 -0.00105915
10900 0.00213406
10950 -0.00477688
11000 -0.00122423
11050 -0.0131781
11100 0.00337456
11150 -2.02919e-05
11200 -0.002885
11250 0.00177907
11300 0.00536906
11350 0.00536906
11400 0.00180426
11450 -0.000252121
11500 -2.02919e-05
11550 0.000701529
11600 -0.000414822
11650 -0.00144048
11700 4.98179e-05
11750 0.00410639
11800 0.000499685
11850 -0.00417526
11900 -0.00417526
11950 0.00334849
12000 -0.00050643
12050 0.00219733
12100 0.000809716
12150 -0.00155429
12200 0.000701529
12250 0.00158194
12300 0.00334849
12350 -0.00463092
12400 0.000813621
12450 0.000314922
12500 0.00102735
12550 -0.00111479
12600 -0.00201398
12650 0.0052082
12700 -0.00341055
12750 -0.00463092
12800 0.00375757
12850 0.00177907
12900 0.000314922
12950 -0.00341055
13000 0.000949961
13050 4.98179e-05
13100 -0.00175657
13150 -9.50336e-05
13200 0.000117803
13250 5.89341e-05
13300 0.00375757
13350 0.000701529
13400 4.98179e-05
13450 -0.00341055
13500 0.000341392
13550 -0.00201398
13600 0.00530617
13650 0.0087489
13700 -0.00755809
13750 -0.00105915
13800 -0.000319435
13850 0.00375757
13900 0.00322675
13950 0.00180808
14000 0.000813621
14050 0.00158194
14100 -0.0109584
14150 -0.00341055
14200 -0.000319435
14250 0.000809716
14300 0.00504522
14350 0.00375757
14400 -0.00574313
14450 -0.00415049
14500 -0.0109584
14550 0.00112616
14600 5.89341e-05
14650 4.98179e-05
14700 -0.00126266
14750 0.00334849
14800 0.000690921
14850 -0.00397987
14900 0.00112616
14950 0.00102735
15000 0.00781278
15050 2.04768e-05
15100 -0.00556954
15150 -0.00286915
15200 0.00375757
15250 -0.0131781
15300 -0.002885
15350 0.00180426
15400 0.0021352
15450 -0.00155429
15500 0.00080994
15550 0.00102735
15600 -0.00175657
15650 0.00781278
15700 0.00080994
15750 -0.000252121
15800 0.00080994
15850 -0.00417526
15900 0.000499685
15950 0.000970322
16000 0.000604397
16050 -0.00276669
16100 -0.000830737
16150 0.00530617
16200 -0.00201398
16250 0.0087489
16300 0.000604397
16350 -0.00175657
16400 2.04768e-05
16450 0.000809716
16500 -0.0109584
16550 -0.000134736
16600 0.00334849
16650 0.00334849
16700 0.000499685
16750 -0.00126266
16800 -0.000830737
16850 -0.00114105
16900 0.00274198
16950 0.00375757
17000 -0.00397987
17050 -0.000830737
17100 0.00112529
17150 -0.00574313
17200 0.00434482
17250 2.04768e-05
17300 -2.02919e-05
17350 0.00216276
17400 -0.00286915
17450 0.00375757
17500 0.00112616
17550 -0.00050643
17600 0.00322675
17650 0.00530617
17700 0.00322675
17750 0.00180426
17800 -0.00175657
17850 -0.000252208
17900 -0.00126266
17950 0.00781278
18000 -0.00114105
18050 0.000701529
18100 0.00219733
18150 0.00536906
18200 0.0021352
18250 2.04768e-05
18300 -0.0103524
18350 -0.00415049
18400 -0.00286915
18450 -0.000830737
18500 0.0052082
18550 0.000809716
18600 -0.000414822
18650 -0.00477688
18700 -0.00145131
18750 0.000341392
18800 -0.00477688
18850 -0.00755809
18900 -0.00836648
18950 -0.00111479
19000 0.00358897
19050 -0.00144048
19100 0.00416771
19150 0.000117803
19200 0.00358897
19250 -0.002885
19300 0.00387927
19350 -0.00417526
19400 -0.00417526
19450 0.0014086
19500 0.00080994
19550 -0.000252121
19600 0.00156096
19650 0.000813621
19700 -0.00145131
19750 0.00410639
19800 0.00177907
19850 0.0014086
19900 -0.00175657
19950 0.00504522
20000 0.000376818
20050 -0.00574313
20100 0.00156096
20150 0.00879344
20200 0.000314922
20250 -0.00122423
20300 -0.000319435
20350 0.000341392
20400 0.000314922
20450 0.00215746
20500 0.00504522
20550 0.00536906
20600 0.00431901
20650 -0.00145131
20700 0.00781278
20750 -0.0123479
20800 5.89341e-05
20850 0.0014086
20900 -0.00111479
20950 0.00081006
21000 -0.00201398
21050 0.0014086
21100 -9.50336e-05
21150 0.00322675
21200 4.98179e-05
21250 -0.00415049
21300 0.00081006
21350 0.000809716
21400 0.00322675
21450 -0.00286915
21500 5.89341e-05
21550 -0.002885
21600 0.00216276
21650 0.00156013
21700 0.00410639
21750 0.0014351
21800 -0.00155429
21850 0.00781278
21900 -0.000414822
21950 6.28752e-05
22000 -0.00155429
22050 0.00846947
22100 -0.000213604
22150 0.00180808
22200 0.00177907
22250 0.000961711
22300 0.00536906
22350 -0.00755809
22400 -0.00050643
22450 0.00530617
22500 0.000961711
22550 0.00177907
22600 0.00215746
22650 0.00846947
22700 0.00358897
22750 -0.00341055
22800 0.000604397
22850 0.00337456
22900 -0.00194725
22950 -0.00836648
23000 0.00102735
23050 -0.0131781
23100 0.00325466
23150 -0.00417526
23200 0.00102735
23250 0.000341392
23300 5.89341e-05
23350 0.0014086
23400 -0.00574313
23450 -0.0109584
23500 0.000181613
23550 0.0087489
23600 0.00337456
23650 0.000181613
23700 4.98179e-05
23750 0.00504522
23800 -0.00144048
23850 -0.00397987
23900 -0.000252208
23950 0.00322675
24000 0.0087489
24050 0.00156096
24100 -0.00286915
24150 0.00177907
24200 -0.00105915
24250 -0.000414822
24300 0.00375757
24350 -0.00345385
24400 -0.00111479
24450 -0.00144048
24500 0.00387927
24550 0.00846947
24600 -0.00194725
24650 6.28752e-05
24700 0.000809716
24750 0.000701529
24800 -0.000252121
24850 0.00274198
24900 0.00879344
24950 0.000970322
25000 -0.0109584
25050 -0.000830737
25100 -0.000830737
25150 -0.00327994
25200 -0.00122423
25250 0.00215746
25300 -2.02919e-05
25350 -0.0109584
25400 -0.00194725
25450 0.00504522
25500 0.000813621
25550 -0.0123479
25600 -9.50336e-05
25650 0.000349817
25700 0.00879344
25750 0.00156096
25800 0.000349817
25850 0.000499685
25900 0.00416771
25950 -0.000530368
26000 0.00180808
26050 0.00375757
26100 -0.00415049
26150 0.0014351
26200 0.00536906
26250 4.98179e-05
26300 0.000970322
26350 0.0014086
26400 0.000349817
26450 0.000701529
26500 0.00334849
26550 -0.000530368
26600 0.000349817
26650 -0.000213604
26700 0.00180426
26750 -0.00201398
26800 -0.0011577
26850 0.0087489
26900 -0.000252208
26950 0.00215746
27000 -0.000134736
27050 0.000376818
27100 -0.002885
27150 0.000813621
27200 -0.000134736
27250 -0.002885
27300 0.00431901
27350 0.00504522
27400 -0.00145131
27450 -0.00194725
27500 0.00337456
27550 0.0014086
27600 0.000813621
27650 -0.00155429
27700 0.00080994
27750 -0.002885
27800 -0.00415049
27850 -0.000830737
27900 -0.000414822
27950 -0.000134736
28000 -0.00345385
28050 0.00158194
28100 -0.00397987
28150 -0.00111479
28200 0.00431901
28250 0.00536906
28300 2.04768e-05
28350 -0.00174541
28400 0.00434482
28450 0.00219733
28500 -0.00175657
28550 0.000949961
28600 0.00334849
28650 -0.00111479
28700 -0.00574313
28750 0.00219733
28800 0.00431901
28850 -0.002885
28900 0.000376818
28950 -0.00114105
29000 0.00180808
29050 0.000961711
29100 0.00177907
29150 0.00158194
29200 -0.000252208
29250 0.00334849
29300 -0.000252121
29350 0.00081006
29400 -0.000134736
29450 -9.50336e-05
29500 0.00081006
29550 -0.00327994
29600 -0.00144048
29650 0.00358897
29700 0.000809716
29750 0.000809716
29800 -0.0131781
29850 0.000181613
29900 -0.0109584
29950 0.00322675
30000 0.0021352
30050 -0.00050643
30100 -0.00194725
30150 -0.00111479
30200 0.00781278
30250 0.00158194
30300 -0.00276669
30350 -0.00105915
30400 -0.00417526
30450 0.00781278
30500 -0.00175657
30550 -0.000319435
30600 0.000499685
30650 -0.000252208
30700 0.0014086
30750 0.00180808
30800 -0.00341055
30850 0.000117803
30900 0.000376818
30950 0.00322675
31000 -0.00276669
31050 0.0014351
31100 -0.0109584
31150 0.00431901
31200 0.000813621
31250 -0.002885
31300 0.000499685
31350 -0.00836648
31400 0.00158194
31450 5.89341e-05
31500 -0.00574313
31550 -0.00174541
31600 -0.0123479
31650 0.00504522
31700 0.00410639
31750 -0.00417526
31800 -0.00397987
31850 0.00215746
31900 0.00375757
31950 -0.00145131
32000 -0.00105915
32050 0.00530617
32100 0.00846947
32150 -0.000252208
32200 0.000499685
32250 0.0021352
32300 0.000813621
32350 0.00434482
32400 -0.00341055
32450 0.000376818
32500 0.00504522
32550 -0.000252208
32600 -0.0103524
32650 -0.00286915
32700 -0.00201398
32750 5.89341e-05
32800 -0.000414822
32850 0.0087489
32900 0.00879344
32950 -0.00415049
33000 -0.000830737
33050 -0.000213604
33100 5.89341e-05
33150 0.00410639
33200 0.00375757
33250 -0.00155429
33300 0.000349817
33350 2.04768e-05
33400 0.00334849
33450 0.0087489
33500 0.00431901
33550 0.00080994
33600 0.00180426
33650 0.00274198
33700 -0.00286915
33750 0.00879344
33800 -0.00122423
33850 -0.00477688
33900 0.000701529
33950 0.00274198
34000 0.000181613
34050 -0.0103524
34100 0.000970322
34150 -0.00345385
34200 -0.00174541
34250 0.000341392
34300 0.00410639
34350 -0.0103524
34400 0.00781278
34450 0.00358897
34500 -0.00194725
34550 -0.00417526
34600 4.98179e-05
34650 0.0014351
34700 0.00879344
34750 0.000701529
34800 -0.00415049
34850 -2.02919e-05
34900 0.00156096
34950 0.000314922
35000 0.00846947
35050 0.000181613
35100 0.00156013
35150 0.00530617
35200 0.000690921
35250 6.28752e-05
35300 -0.00463092
35350 0.00213406
35400 0.0014351
35450 0.00781278
35500 0.0087489
35550 -0.00050643
35600 0.00434482
35650 -0.002885
35700 0.00080994
35750 -0.00174541
35800 0.000961711
35850 0.00846947
35900 0.00180426
35950 -0.0011577
36000 -9.50336e-05
36050 -0.0123479
36100 -0.000414822
36150 -0.00556954
36200 0.0014351
36250 0.0052082
36300 -0.00174541
36350 0.00180808
36400 0.00322675
36450 0.00334849
36500 0.000961711
36550 -0.00155429
36600 -0.0109584
36650 0.000604397
36700 -0.0011577
36750 -0.000530368
36800 0.00274198
36850 0.00536906
36900 -0.00175657
36950 4.98179e-05
37000 0.000314922
37050 0.000499685
37100 0.000813621
37150 0.00387927
37200 0.00416771
37250 0.000809716
37300 0.0052082
37350 -0.00327994
37400 -0.0131781
37450 -0.000213604
37500 0.00156013
37550 0.00274198
37600 0.00846947
37650 0.00431901
37700 0.00504522
37750 0.00080994
37800 0.00334849
37850 0.0014351
37900 0.00156013
37950 -0.00286915
38000 -0.00286915
38050 -0.000252208
38100 0.00375757
38150 -0.000213604
38200 0.00781278
38250 4.98179e-05
38300 -0.00144048
38350 -0.000830737
38400 -0.00174541
38450 0.00219733
38500 -0.00155429
38550 -0.00755809
38600 0.00375757
38650 0.00504522
38700 0.00180426
38750 0.00846947
38800 0.00080994
38850 0.0021352
38900 0.00081006
38950 -0.00755809
39000 -0.00345385
39050 -0.00345385
39100 0.00325466
39150 -0.00286915
39200 -0.000830737
39250 0.00536906
39300 -0.00286915
39350 0.00434482
39400 0.00180426
39450 0.000961711
39500 0.000701529
39550 0.00781278
39600 0.000690921
39650 -0.00174541
39700 -0.0011577
39750 -0.00145131
39800 0.000349817
39850 -0.00397987
39900 -0.000252121
39950 4.98179e-05
40000 -0.00415049
40050 -0.00050643
40100 0.0087489
40150 -0.00397987
40200 -0.00415049
40250 0.00410639
40300 0.00102735
40350 0.000181613
40400 -0.00105915
40450 0.000604397
40500 -0.00574313
40550 -0.00417526
40600 -0.000530368
40650 0.00416771
40700 0.00213406
40750 0.00112529
40800 0.00781278
40850 -0.00477688
40900 -0.0123479
40950 -0.00050643
41000 -0.00144048
41050 0.00112616
41100 0.00416771
41150 -9.50336e-05
41200 -0.00286915
41250 0.000117803
41300 -2.02919e-05
41350 0.00112529
41400 0.00215746
41450 6.28752e-05
41500 0.000809716
41550 -0.00105915
41600 0.0021352
41650 0.00081006
41700 0.000604397
41750 -0.000134736
41800 -0.00145131
41850 0.00410639
41900 0.00177907
41950 0.00410639
42000 0.00434482
42050 -0.00111479
42100 0.00504522
42150 0.000690921
42200 -0.00050643
42250 0.000349817
42300 -0.00341055
42350 -0.002885
42400 0.0021352
42450 0.00431901
42500 -0.000530368
42550 4.98179e-05
42600 -0.00463092
42650 -0.00574313
42700 -0.000319435
42750 -0.00286915
42800 0.00387927
42850 0.000813621
42900 -0.00050643
42950 -0.0103524
43000 -0.00556954
43050 0.000813621
43100 -0.00111479
43150 -0.000213604
43200 0.0021352
43250 0.000809716
43300 0.00358897
43350 -0.00126266
43400 -0.00201398
43450 -0.00145131
43500 0.000349817
43550 0.000376818
43600 0.00158194
43650 -0.00122423
43700 0.000499685
43750 -0.00201398
43800 0.00325466
43850 -0.00114105
43900 0.000961711
43950 -0.000213604
44000 0.00219733
44050 -0.000213604
44100 0.000376818
44150 0.000604397
44200 0.00156096
44250 0.00530617
44300 0.000349817
44350 -0.00417526
44400 0.0052082
44450 0.0021352
44500 -0.000530368
44550 -0.0011577
44600 0.000349817
44650 -0.00122423
44700 0.000499685
44750 0.00112529
44800 0.00274198
44850 -0.00463092
44900 0.00504522
44950 0.00215746
45000 -2.02919e-05
45050 4.98179e-05
45100 0.00080994
45150 0.00219733
45200 -0.00144048
45250 4.98179e-05
45300 0.00156096
45350 0.00215746
45400 0.00180426
45450 -2.02919e-05
45500 0.00177907
45550 -0.00114105
45600 -0.00122423
45650 -2.02919e-05
45700 -0.0131781
45750 -0.0109584
45800 -0.00415049
45850 -0.00174541
45900 -0.0109584
45950 0.00102735
46000 0.00325466
46050 -0.00122423
46100 0.00112616
46150 -0.00174541
46200 0.0052082
46250 0.00180808
46300 0.000314922
46350 -2.02919e-05
46400 0.00325466
46450 0.00112529
46500 0.00180808
46550 0.000690921
46600 -0.0103524
46650 0.00180426
46700 -0.000252208
46750 0.00431901
46800 0.00358897
46850 0.00081006
46900 -9.50336e-05
46950 -9.50336e-05
47000 -0.00276669
47050 2.04768e-05
47100 -0.00155429
47150 0.00158194
47200 0.000961711
47250 -0.00050643
47300 0.000341392
47350 0.000314922
47400 0.000970322
47450 -0.00111479
47500 0.00337456
47550 -0.00397987
47600 0.000970322
47650 0.000813621
47700 0.00387927
47750 0.000813621
47800 -0.00556954
47850 0.00410639
47900 -0.00345385
47950 0.0021352
48000 -0.0109584
48050 -0.00105915
48100 -0.00276669
48150 0.00219733
48200 0.00219733
48250 -0.0131781
48300 -0.00105915
48350 -0.00114105
48400 0.000314922
48450 0.00879344
48500 0.00416771
48550 0.00219733
48600 0.00536906
48650 -0.0131781
48700 0.00337456
48750 0.00325466
48800 0.00504522
48850 0.00416771
48900 -0.000414822
48950 0.00180808
49000 -0.00155429
49050 -0.000213604
49100 0.00213406
49150 0.00080994
49200 -0.00345385
49250 0.00156013
49300 -0.00477688
49350 -0.000252208
49400 -0.0131781
49450 0.000349817
49500 -0.00174541
49550 0.0014351
49600 -0.0011577
49650 0.000961711
49700 -0.00345385
49750 -9.50336e-05
49800 0.00410639
49850 -2.02919e-05
49900 0.000376818
49950 0.000181613
50000 -0.00463092
50050 -0.00341055
50100 -9.50336e-05
50150 -0.00276669
50200 -0.00341055
50250 0.000813621
50300 -0.00327994
50350 -0.00286915
50400 -0.00341055
50450 -0.0011577
50500 -0.000830737
50550 6.28752e-05
50600 0.000376818
50650 0.00156013
50700 0.00177907
50750 0.0087489
50800 0.000181613
50850 -0.00836648
50900 -0.00417526
50950 0.00180426
51000 -0.00477688
51050 -0.000414822
51100 0.00504522
51150 0.00215746
51200 -0.00463092
51250 -0.00201398
51300 0.00375757
51350 -0.00286915
51400 -0.000414822
51450 -0.00105915
51500 0.000813621
51550 0.00846947
51600 0.000961711
51650 -0.00201398
51700 0.00536906
51750 0.000376818
51800 0.000690921
51850 -0.00417526
51900 -0.00144048
51950 0.0021352
52000 0.000117803
52050 -2.02919e-05
52100 -0.00327994
52150 -0.00286915
52200 -0.0123479
52250 0.00358897
52300 0.00081006
52350 0.0052082
52400 -0.000252208
52450 0.000809716
52500 -0.000213604
52550 -0.00201398
52600 0.00781278
52650 -0.00201398
52700 -0.00050643
52750 0.000117803
52800 -2.02919e-05
52850 -0.00463092
52900 0.000314922
52950 -0.00345385
53000 -0.00341055
53050 0.00156096
53100 2.04768e-05
53150 0.000690921
53200 0.000813621
53250 0.0014351
53300 -0.00144048
53350 -0.0011577
53400 0.00530617
53450 -0.0109584
53500 0.000499685
53550 0.0014351
53600 0.000314922
53650 0.00431901
53700 0.000949961
53750 -0.0109584
53800 0.000970322
53850 0.000970322
53900 -0.002885
53950 0.00325466
54000 0.00112616
54050 0.000349817
54100 -0.00397987
54150 0.000813621
54200 -2.02919e-05
54250 0.0021352
54300 -0.00755809
54350 -0.0011577
54400 -0.00755809
54450 0.00112529
54500 -0.00477688
54550 -0.000530368
54600 0.000181613
54650 0.000341392
54700 -0.00345385
54750 0.0052082
54800 -0.00417526
54850 -0.00341055
54900 0.0014351
54950 0.000970322
55000 0.000970322
55050 0.00158194
55100 0.0021352
55150 0.000961711
55200 -0.00341055
55250 0.000341392
55300 0.00080994
55350 0.000349817
55400 0.00112529
55450 -0.00755809
55500 -0.00201398
55550 -0.00327994
55600 0.000961711
55650 0.000604397
55700 -0.00574313
55750 0.000809716
55800 -0.000213604
55850 0.0087489
55900 0.00180426
55950 0.00781278
56000 5.89341e-05
56050 -0.00174541
56100 0.00431901
56150 -0.0123479
56200 0.000701529
56250 0.00387927
56300 0.00879344
56350 -0.00286915
56400 0.00156013
56450 0.0087489
56500 0.00112616
56550 -9.50336e-05
56600 0.00879344
56650 0.00431901
56700 0.000117803
56750 -0.00105915
56800 -0.000252208
56850 -0.00286915
56900 -0.000414822
56950 0.0087489
57000 0.00322675
57050 0.000690921
57100 -0.00397987
57150 -0.00341055
57200 0.000970322
57250 -0.00415049
57300 0.00536906
57350 0.0014351
57400 -0.0011577
57450 -0.00145131
57500 0.00180426
57550 -0.00345385
57600 0.00410639
57650 0.000809716
57700 0.00112529
57750 0.000181613
57800 -0.00050643
57850 -0.00201398
57900 5.89341e-05
57950 0.000813621
58000 -0.00477688
58050 -0.000414822
58100 0.00180808
58150 0.00102735
58200 -0.00194725
58250 0.000701529
58300 0.00158194
58350 0.000376818
58400 -0.0123479
58450 -0.000134736
58500 -0.00122423
58550 -0.00556954
58600 0.00180808
58650 5.89341e-05
58700 -0.00415049
58750 -0.000830737
58800 -9.50336e-05
58850 -0.00276669
58900 0.000961711
58950 -0.00174541
59000 -2.02919e-05
59050 0.00219733
59100 -0.00345385
59150 0.00158194
59200 0.00080994
59250 -9.50336e-05
59300 -2.02919e-05
59350 0.00325466
59400 0.00334849
59450 -0.00463092
59500 -0.00477688
59550 -0.00126266
59600 -0.00463092
59650 -0.000252208
59700 -0.00463092
59750 0.00781278
59800 0.00530617
59850 0.00410639
59900 0.00431901
59950 0.000376818
60000 -0.00122423
60050 0.000181613
60100 0.00216276
60150 0.00879344
60200 0.000970322
60250 0.00080994
60300 -0.00417526
60350 0.00158194
60400 0.000961711
60450 -0.00463092
60500 -0.00276669
60550 0.00504522
60600 5.89341e-05
60650 0.000499685
60700 -0.000830737
60750 2.04768e-05
60800 0.00434482
60850 0.00358897
60900 0.00375757
60950 -0.00417526
61000 0.00358897
61050 0.00322675
61100 -0.00477688
61150 0.000701529
61200 0.00213406
61250 -0.00126266
61300 0.00081006
61350 0.00431901
61400 0.00322675
61450 0.00530617
61500 -0.0131781
61550 -0.000252208
61600 0.000349817
61650 -0.0103524
61700 -0.00155429
61750 0.00337456
61800 0.000349817
61850 -0.00175657
61900 -0.00194725
61950 -0.00755809
62000 -0.00327994
62050 -0.000530368
62100 -0.00417526
62150 -0.0123479
62200 -0.00126266
62250 0.00156013
62300 -2.02919e-05
62350 0.0052082
62400 0.00781278
62450 0.00177907
62500 -0.000134736
62550 0.0014351
62600 0.00180426
62650 0.000949961
62700 0.00322675
62750 0.00322675
62800 0.00431901
62850 0.00112529
62900 0.000701529
62950 0.00846947
63000 -0.000530368
63050 0.00325466
63100 0.00322675
63150 0.000949961
63200 0.00180808
63250 5.89341e-05
63300 0.000970322
63350 0.00080994
63400 0.000949961
63450 0.00213406
63500 -0.000414822
63550 -0.00463092
63600 0.00530617
63650 0.000181613
63700 -0.00397987
63750 0.00334849
63800 0.000604397
63850 -0.00050643
63900 -0.00755809
63950 -0.00050643
64000 0.000949961
64050 0.00112616
64100 -0.00111479
64150 0.00434482
64200 -0.0103524
64250 0.00322675
64300 0.00216276
64350 -0.00194725
64400 0.00080994
64450 0.000690921
64500 -0.00397987
64550 0.00102735
64600 0.00081006
64650 -0.00105915
64700 -0.00286915
64750 0.00177907
64800 0.00846947
64850 0.00081006
64900 -0.00477688
64950 -0.000213604
65000 0.00434482
65050 4.98179e-05
65100 0.00216276
65150 0.0014086
65200 0.00216276
65250 0.00530617
65300 0.00080994
65350 -0.00050643
65400 0.00158194
65450 -0.00755809
65500 -0.000830737
65550 0.000690921
65600 -0.00477688
65650 -0.00050643
65700 0.00337456
65750 -0.0103524
65800 -0.00144048
65850 0.00410639
65900 -0.000213604
65950 -0.00327994
66000 -0.00345385
66050 -2.02919e-05
66100 0.00431901
66150 0.000349817
66200 -0.00327994
66250 -0.000252121
66300 0.00213406
66350 0.000376818
66400 4.98179e-05
66450 6.28752e-05
66500 0.000690921
66550 0.00334849
66600 -0.00155429
66650 0.000809716
66700 0.00434482
66750 0.00112616
66800 -0.00327994
66850 -0.00417526
66900 -0.00122423
66950 0.000961711
67000 -0.000530368
67050 -0.00477688
67100 -0.00477688
67150 0.00180426
67200 0.0021352
67250 0.00112529
67300 -0.0011577
67350 0.00410639
67400 -0.00327994
67450 4.98179e-05
67500 -0.00122423
67550 0.000181613
67600 -0.00201398
67650 0.00337456
67700 -0.00327994
67750 -0.00194725
67800 -0.00574313
67850 0.00879344
67900 0.000690921
67950 0.000809716
68000 0.000961711
68050 0.00530617
68100 0.00274198
68150 -0.000213604
68200 -0.00155429
68250 -0.00050643
68300 -0.000830737
68350 0.00081006
68400 0.00180808
68450 -0.00477688
68500 -0.00286915
68550 4.98179e-05
68600 0.00274198
68650 0.0014086
68700 0.000117803
68750 0.000314922
68800 0.00337456
68850 -0.000252121
68900 -0.00194725
68950 0.00180808
69000 0.0052082
69050 0.00215746
69100 0.000499685
69150 0.00156096
69200 0.000376818
69250 0.00156096
69300 0.0014351
69350 -0.00155429
69400 0.000690921
69450 0.0014351
69500 0.00219733
69550 2.04768e-05
69600 -0.0123479
69650 -0.002885
69700 0.000499685
69750 0.00431901
69800 0.00410639
69850 -0.00286915
69900 0.00322675
69950 2.04768e-05
70000 0.00416771
70050 -0.00574313
70100 0.000813621
70150 0.00180808
70200 -0.000252121
70250 -0.0109584
70300 4.98179e-05
70350 -0.000252208
70400 0.000701529
70450 0.000117803
70500 0.000809716
70550 -0.00836648
70600 0.00416771
70650 0.000314922
70700 0.00215746
70750 0.00274198
70800 -0.00417526
70850 -0.00574313
70900 -0.00477688
70950 -2.02919e-05
71000 -0.00327994
71050 -0.000530368
71100 -0.00286915
71150 0.00334849
71200 0.00530617
71250 0.00322675
71300 -0.0131781
71350 0.00431901
71400 -0.0109584
71450 -0.0123479
71500 -0.00155429
71550 0.00325466
71600 0.00219733
71650 0.00358897
71700 0.00102735
71750 -0.00144048
71800 0.00112529
71850 -0.00105915
71900 0.000314922
71950 0.00219733
72000 0.00846947
72050 -0.00114105
72100 0.000349817
72150 0.00879344
72200 0.00416771
72250 0.00102735
72300 -0.000252121
72350 -0.002885
72400 -0.00144048
72450 0.00375757
72500 0.00112616
72550 -0.00155429
72600 -0.00194725
72650 6.28752e-05
72700 0.000314922
72750 -0.00201398
72800 0.00358897
72850 -9.50336e-05
72900 -0.002885
72950 -0.00174541
73000 0.00504522
73050 -0.00477688
73100 -0.000134736
73150 0.000349817
73200 6.28752e-05
73250 0.00325466
73300 0.000314922
73350 0.00416771
73400 -0.000134736
73450 -0.00114105
73500 -2.02919e-05
73550 -0.00126266
73600 0.0014351
73650 -0.000414822
73700 0.00846947
73750 4.98179e-05
73800 0.00375757
73850 -0.00477688
73900 0.000701529
73950 0.000117803
74000 -0.00114105
74050 0.00879344
74100 0.00337456
74150 0.00219733
74200 0.00213406
74250 0.00180808
74300 0.00504522
74350 -0.00175657
74400 4.98179e-05
74450 0.00536906
74500 0.000970322
74550 -0.00145131
74600 0.0014086
74650 -0.000252121
74700 -0.0103524
74750 -0.000252121
74800 0.000376818
74850 5.89341e-05
74900 6.28752e-05
74950 0.00375757
75000 -0.0109584
75050 0.00081006
75100 0.00375757
75150 0.00158194
75200 0.00219733
75250 0.00156096
75300 -0.00111479
75350 0.0014086
75400 0.0014351
75450 0.00536906
75500 0.0014086
75550 -2.02919e-05
75600 0.00080994
75650 -2.02919e-05
75700 0.00387927
75750 6.28752e-05
75800 0.00177907
75850 -0.00144048
75900 -0.00417526
75950 0.0014351
76000 0.00325466
76050 5.89341e-05
76100 0.000813621
76150 0.00536906
76200 0.00112529
76250 0.000376818
76300 0.000949961
76350 -0.00417526
76400 0.00325466
76450 -0.00114105
76500 0.00781278
76550 0.00337456
76600 0.0014351
76650 -0.00201398
76700 0.00180426
76750 0.00215746
76800 -0.0123479
76850 0.00781278
76900 0.000376818
76950 -0.0109584
77000 -0.000414822
77050 0.000349817
77100 0.00080994
77150 0.00434482
77200 0.00334849
77250 0.00081006
77300 -0.00050643
77350 -0.000319435
77400 0.000314922
77450 -0.00755809
77500 0.00846947
77550 -0.000319435
77600 0.0014086
77650 0.00213406
77700 6.28752e-05
77750 -0.00836648
77800 -0.000414822
77850 0.000376818
77900 0.000961711
77950 -0.002885
78000 0.000341392
78050 -0.00050643
78100 0.00879344
78150 0.00434482
78200 -0.00477688
78250 -0.00415049
78300 -0.000252208
78350 0.00215746
78400 0.00337456
78450 0.00322675
78500 -0.00194725
78550 0.000949961
78600 -0.0123479
78650 0.000809716
78700 0.00112529
78750 -0.00755809
78800 0.00158194
78850 -0.00327994
78900 0.000349817
78950 -0.00327994
79000 -0.00286915
79050 0.0014086
79100 -0.00397987
79150 0.00337456
79200 0.00180426
79250 0.000949961
79300 0.00536906
79350 0.00156096
79400 -2.02919e-05
79450 2.04768e-05
79500 -0.00144048
79550 0.00322675
79600 0.00177907
79650 -0.00415049
79700 0.000181613
79750 -0.00556954
79800 -9.50336e-05
79850 -0.00175657
79900 0.0021352
79950 -0.00155429
80000 0.000499685
80050 0.00156096
80100 -0.00194725
80150 -2.02919e-05
80200 0.000499685
80250 -0.000414822
80300 -0.000830737
80350 0.00219733
80400 -0.000830737
80450 -0.00417526
80500 0.00325466
80550 0.00431901
80600 0.00431901
80650 0.000949961
80700 0.00219733
80750 -0.00114105
80800 0.00158194
80850 0.000341392
80900 0.00081006
80950 0.00431901
81000 0.000341392
81050 0.000701529
81100 0.0014086
81150 -0.000213604
81200 0.000341392
81250 -0.00111479
81300 -0.0011577
81350 -0.00755809
81400 -0.00126266
81450 -0.00111479
81500 0.00112616
81550 -0.00755809
81600 0.0087489
81650 4.98179e-05
81700 0.00156013
81750 -0.00755809
81800 0.00504522
81850 0.00337456
81900 -0.00556954
81950 -0.00276669
82000 0.000970322
82050 0.0052082
82100 0.000701529
82150 0.00180808
82200 -0.00050643
82250 0.0014351
82300 -0.00836648
82350 -0.00836648
82400 0.00215746
82450 0.000349817
82500 0.000961711
82550 -0.000252121
82600 -0.000319435
82650 0.00410639
82700 2.04768e-05
82750 0.0014086
82800 -0.00175657
82850 0.0087489
82900 0.000813621
82950 -0.00836648
83000 0.00334849
83050 0.0014351
83100 -0.00286915
83150 0.000961711
83200 0.0014351
83250 -0.002885
83300 0.00322675
83350 -0.000252208
83400 -0.000252208
83450 -0.00556954
83500 0.00177907
83550 -0.00397987
83600 0.00375757
83650 -0.00345385
83700 -0.00397987
83750 0.00325466
83800 -0.00574313
83850 -0.000830737
83900 0.00219733
83950 -0.00175657
84000 0.000690921
84050 -0.00174541
84100 -0.00144048
84150 0.00112529
84200 -0.002885
84250 0.00434482
84300 -0.000530368
84350 5.89341e-05
84400 0.00213406
84450 0.000970322
84500 0.00215746
84550 0.00102735
84600 0.00431901
84650 -0.00836648
84700 0.00431901
84750 0.00846947
84800 0.000349817
84850 -0.00175657
84900 4.98179e-05
84950 0.00274198
85000 0.000949961
85050 0.00536906
85100 -0.00201398
85150 0.00375757
85200 -0.00174541
85250 0.00102735
85300 0.00846947
85350 0.00156013
85400 0.000341392
85450 0.000701529
85500 0.000376818
85550 0.00080994
85600 0.000604397
85650 -0.000830737
85700 0.00180426
85750 -0.00114105
85800 0.00536906
85850 -0.00755809
85900 0.000690921
85950 0.00112529
86000 -0.00276669
86050 0.00158194
86100 0.00112529
86150 -0.00126266
86200 0.000970322
86250 0.00216276
86300 -0.00463092
86350 -0.000530368
86400 0.00536906
86450 0.000181613
86500 -0.00201398
86550 0.000949961
86600 0.00081006
86650 -0.0123479
86700 0.00102735
86750 4.98179e-05
86800 0.000376818
86850 0.00325466
86900 -0.00175657
86950 0.000949961
87000 0.000970322
87050 -0.00556954
87100 0.00274198
87150 -0.0103524
87200 0.00530617
87250 -0.000252121
87300 0.00322675
87350 -0.00477688
87400 0.00781278
87450 -0.00286915
87500 -0.00126266
87550 -0.00415049
87600 -0.00105915
87650 -0.00463092
87700 0.00158194
87750 -0.00755809
87800 0.0014351
87850 0.0021352
87900 0.0052082
87950 -0.00415049
88000 -0.000213604
88050 -0.00415049
88100 -0.00194725
88150 -0.00201398
88200 -0.00105915
88250 0.000341392
88300 0.000813621
88350 0.0087489
88400 0.000117803
88450 0.00781278
88500 0.00180426
88550 -0.000414822
88600 -0.00327994
88650 -0.000252208
88700 0.000341392
88750 0.00337456
88800 0.00112529
88850 0.00781278
88900 -0.00463092
88950 -0.000252121
89000 0.000499685
89050 -0.00327994
89100 -0.00463092
89150 -0.000530368
89200 -0.000830737
89250 0.00846947
89300 -0.00201398
89350 0.00180808
89400 0.000949961
89450 0.000349817
89500 0.000181613
89550 0.000961711
89600 5.89341e-05
89650 0.00375757
89700 0.000376818
89750 -0.0131781
89800 -0.00050643
89850 -0.00155429
89900 -0.000414822
89950 0.00846947
90000 -0.00175657
90050 -0.00122423
90100 0.000961711
90150 -0.0123479
90200 -0.0109584
90250 -0.000319435
90300 0.000181613
90350 -0.00345385
90400 4.98179e-05
90450 0.00112529
90500 0.00325466
90550 0.00536906
90600 0.00337456
90650 -0.000134736
90700 -0.00276669
90750 -0.00755809
90800 -0.00477688
90850 0.00080994
90900 0.00177907
90950 -0.00341055
91000 0.00274198
91050 -0.00144048
91100 -0.00114105
91150 0.00180426
91200 0.00879344
91250 0.00180808
91300 -0.00145131
91350 -0.00201398
91400 0.00879344
91450 -0.00201398
91500 0.00530617
91550 0.00375757
91600 0.00180808
91650 -0.0131781
91700 -0.00556954
91750 -0.002885
91800 -0.000252121
91850 -0.000830737
91900 0.00156096
91950 -0.00286915
92000 -0.00755809
92050 0.00156013
92100 -0.0109584
92150 -0.000252121
92200 0.000970322
92250 4.98179e-05
92300 6.28752e-05
92350 0.00102735
92400 -0.00050643
92450 0.00530617
92500 0.000349817
92550 -0.00327994
92600 0.00410639
92650 0.000376818
92700 0.00879344
92750 4.98179e-05
92800 4.98179e-05
92850 0.00410639
92900 -0.000134736
92950 -0.00145131
93000 0.00213406
93050 -0.00174541
93100 0.000701529
93150 0.0014351
93200 0.000349817
93250 0.00358897
93300 0.0014086
93350 0.0014351
93400 0.000690921
93450 -0.00175657
93500 -0.00201398
93550 -0.00194725
93600 0.00322675
93650 0.00216276
93700 -0.00194725
93750 -0.002885
93800 0.00375757
93850 0.00158194
93900 0.00216276
93950 -0.00556954
94000 -0.00755809
94050 -0.00417526
94100 0.00504522
94150 0.000701529
94200 -0.0103524
94250 -0.00556954
94300 -0.0123479
94350 0.00387927
94400 0.00431901
94450 -0.00126266
94500 0.000349817
94550 6.28752e-05
94600 0.000813621
94650 -0.00397987
94700 0.000314922
94750 -0.0103524
94800 6.28752e-05
94850 -9.50336e-05
94900 0.00322675
94950 0.00180808
95000 0.00358897
95050 0.000809716
95100 -9.50336e-05
95150 0.000961711
95200 0.00781278
95250 -0.00345385
95300 -0.000252121
95350 -0.00341055
95400 5.89341e-05
95450 -0.00417526
95500 -0.00556954
95550 0.00156096
95600 -0.00174541
95650 -0.00126266
95700 0.000117803
95750 0.000349817
95800 0.00081006
95850 0.00431901
95900 0.00410639
95950 0.00213406
96000 6.28752e-05
96050 -0.000213604
96100 -0.00174541
96150 0.00387927
96200 -0.0109584
96250 -0.000414822
96300 0.0014086
96350 0.0014351
96400 0.00219733
96450 0.00416771
96500 -0.00175657
96550 0.000809716
96600 0.000349817
96650 0.00180426
96700 -0.00463092
96750 -0.0131781
96800 -0.00345385
96850 5.89341e-05
96900 0.00081006
96950 0.00274198
97000 0.00846947
97050 -0.00417526
97100 -0.000319435
97150 0.00156013
97200 0.00375757
97250 0.00080994
97300 2.04768e-05
97350 0.000961711
97400 0.00112529
97450 0.00358897
97500 -0.000252208
97550 0.000349817
97600 -0.00417526
97650 0.00334849
97700 0.00322675
97750 0.00375757
97800 0.00530617
97850 0.00177907
97900 0.00322675
97950 -0.000252121
98000 -0.00276669
98050 -0.00155429
98100 -0.000530368
98150 -0.0103524
98200 -0.00050643
98250 -0.00175657
98300 0.00846947
98350 -0.00574313
98400 0.00337456
98450 0.000813621
98500 0.000961711
98550 -0.00194725
98600 -0.00556954
98650 -0.000414822
98700 -0.000830737
98750 0.000690921
98800 0.00081006
98850 0.000701529
98900 0.00156096
98950 -0.00201398
99000 0.000314922
99050 0.000181613
99100 -0.000252121
99150 -0.0109584
99200 -2.02919e-05
99250 -0.000213604
99300 -0.000530368
99350 -0.00105915
99400 0.00387927
99450 0.00416771
99500 0.00102735
99550 -0.00175657
99600 0.00530617
99650 0.00180808
99700 -0.00122423
99750 -0.000213604
99800 0.00337456
99850 0.00387927
99900 -0.00126266
99950 4.98179e-05
