0 853.481
5 31080.4
10 107410
15 237433
20 434089
25 716957
30 1.11422e+06
35 1.66548e+06
40 2.42574e+06
45 3.47087e+06
50 4.90527e+06
55 6.87225e+06
60 9.56849e+06
65 1.32637e+07
70 1.8328e+07
75 2.52681e+07
80 3.47806e+07
85 4.78151e+07
90 6.56694e+07
95 9.01282e+07
100 1.23656e+08
105 1.69578e+08
110 2.32473e+08
115 3.1861e+08
120 4.3651e+08
125 5.97688e+08
130 8.17793e+08
135 1.11751e+09
140 1.52354e+09
145 2.06915e+09
150 2.7967e+09
155 3.75313e+09
160 4.97426e+09
165 6.55615e+09
170 8.57859e+09
175 1.07569e+10
180 1.30076e+10
185 1.49314e+10
190 1.56928e+10
195 1.53272e+10
200 1.43624e+10
205 1.34337e+10
210 1.26136e+10
215 1.19671e+10
220 1.15385e+10
225 1.07732e+10
230 1.03064e+10
235 9.9704e+09
240 9.77014e+09
245 9.83949e+09
250 9.87904e+09
255 9.60524e+09
260 9.39239e+09
265 9.20499e+09
270 9.06044e+09
275 8.9374e+09
280 8.84822e+09
285 8.67598e+09
290 8.77771e+09
295 9.01975e+09
300 9.04007e+09
305 8.45029e+09
310 7.87303e+09
315 7.33489e+09
320 6.81606e+09
325 6.35428e+09
330 6.09801e+09
335 6.13112e+09
340 6.38362e+09
345 6.8217e+09
350 7.36497e+09
355 7.95937e+09
360 8.57111e+09
365 9.40131e+09
370 1.02356e+10
375 1.08774e+10
380 1.14465e+10
385 1.20441e+10
390 1.24514e+10
395 1.2218e+10
400 1.15891e+10
405 1.10625e+10
410 1.07211e+10
415 1.06077e+10
420 1.04163e+10
425 1.02992e+10
430 1.04098e+10
435 1.07316e+10
440 1.09905e+10
445 1.08872e+10
450 1.05965e+10
455 1.01097e+10
460 9.57156e+09
465 8.91327e+09
470 8.23916e+09
475 7.60959e+09
480 7.15341e+09
485 6.90123e+09
490 6.7908e+09
495 6.83887e+09
500 7.06711e+09
505 7.35798e+09
510 7.67042e+09
515 7.78258e+09
520 7.77634e+09
525 7.76794e+09
530 7.98588e+09
535 8.45826e+09
540 9.13802e+09
545 9.97654e+09
550 1.0759e+10
555 1.12155e+10
560 1.14335e+10
565 1.15279e+10
570 1.1361e+10
575 1.11131e+10
580 1.09835e+10
585 1.07272e+10
590 1.06228e+10
595 1.06159e+10
600 1.04545e+10
605 1.02657e+10
610 1.00259e+10
615 9.75299e+09
620 9.54194e+09
625 9.44685e+09
630 9.47373e+09
635 9.36325e+09
640 9.30188e+09
645 9.38495e+09
650 9.40894e+09
655 9.1225e+09
660 8.63187e+09
665 8.12997e+09
670 7.71195e+09
675 7.42166e+09
680 7.11204e+09
685 6.8973e+09
690 6.8465e+09
695 6.90976e+09
700 7.06146e+09
705 7.32999e+09
710 7.72867e+09
715 8.26316e+09
720 8.84361e+09
725 9.46442e+09
730 9.98803e+09
735 1.03463e+10
740 1.07121e+10
745 1.11175e+10
750 1.13843e+10
755 1.14787e+10
760 1.1468e+10
765 1.15508e+10
770 1.18056e+10
775 1.1957e+10
780 1.18027e+10
785 1.13809e+10
790 1.07782e+10
795 1.01233e+10
800 9.65171e+09
805 9.25163e+09
810 8.99635e+09
815 8.71583e+09
820 8.38909e+09
825 8.1674e+09
830 8.08042e+09
835 7.88538e+09
840 7.62991e+09
845 7.48351e+09
850 7.48242e+09
855 7.6434e+09
860 7.82944e+09
865 7.78662e+09
870 7.52436e+09
875 7.34769e+09
880 7.40701e+09
885 7.60096e+09
890 7.91418e+09
895 8.3039e+09
900 8.86425e+09
905 9.5836e+09
910 1.04201e+10
915 1.13376e+10
920 1.21689e+10
925 1.26052e+10
930 1.25185e+10
935 1.20881e+10
940 1.15954e+10
945 1.11249e+10
950 1.05945e+10
955 1.00953e+10
960 9.76171e+09
965 9.58758e+09
970 9.59322e+09
975 9.66498e+09
980 9.65119e+09
985 9.72284e+09
990 9.79405e+09
995 9.97555e+09
